11	8.60
195	8.60
196	8.90
232	8.30
316	10.00
338	9.20
342	7.90
387	8.40
426	9.20
450	8.90
453	6.80
467	8.90
485	8.50
504	8.50
540	7.50
548	8.90
549	7.10
556	9.10
603	8.80
609	9.60
635	8.70
646	9.20
689	9.10
691	9.30
693	9.40
711	10.00
738	8.70
774	8.60
803	9.30
807	8.50
834	8.70
891	8.30
921	7.40
985	8.60
1016	8.40
1061	8.80
1066	8.50
1114	8.40
1117	8.50
1136	9.20
1151	9.10
1165	8.80
1167	8.90
1188	8.70
1197	9.20
1221	7.00
1233	8.60
1242	9.40
1249	9.30
1260	10.00
1298	7.50
1300	8.00
1352	8.70
1363	8.50
1375	8.20
1398	8.50
1403	8.90
1478	8.40
1486	7.20
1495	8.30
1512	9.30
1523	8.00
1542	8.40
1564	8.30
1598	8.80
1599	8.80
1641	8.80
1652	8.70
1682	9.50
1692	8.60
1709	8.60
1744	8.50
1752	8.70
1762	7.40
1795	9.10
1806	9.00
1816	10.00
1835	8.70
1845	10.00
1851	7.70
1867	7.50
1895	8.70
1939	7.40
1969	8.70
2024	8.80
2045	9.30
2150	8.40
2194	7.70
2233	9.00
2237	8.60
2263	8.50
2290	7.00
2309	8.60
2343	8.40
2344	8.80
2358	8.90
2365	8.80
2367	8.70
2373	8.30
2411	8.10
2440	8.50
2451	9.10
2562	7.60
2583	8.30
2599	10.00
2610	8.60
2614	8.60
2671	8.90
2684	7.20
2725	9.40
2756	8.90
2768	9.20
2794	7.40
2810	9.00
2844	6.80
2885	8.60
2919	8.40
2939	8.00
3009	8.70
3079	9.20
3116	8.30
3126	10.00
3134	7.90
3137	7.40
3138	10.00
3222	8.80
3287	7.70
3289	8.40
3324	8.00
3367	7.20
3389	8.70
3392	7.10
3404	8.60
3427	8.40
3531	9.50
3576	8.10
3720	8.30
3825	8.10
3863	10.00
3876	9.10
3890	8.60
3925	8.20
3930	8.60
3936	8.70
3942	7.10
3999	7.30
4003	8.60
4023	9.40
4029	8.50
4053	8.30
4071	9.70
4099	8.30
4102	8.90
4105	8.20
4167	8.10
4177	9.00
4179	7.90
4186	9.90
4206	8.20
4213	8.50
4264	8.60
4289	8.50
4316	8.40
4325	8.20
4348	8.60
4356	8.60
4372	7.20
4403	8.60
4423	8.70
4496	8.70
4501	8.30
4503	8.30
4518	8.50
4574	8.40
4597	8.70
4598	8.50
4604	7.70
4638	8.00
4664	8.30
4687	8.20
4695	8.80
4703	7.70
4741	6.10
4760	8.30
4821	8.40
4860	8.00
4862	8.20
4891	7.90
4900	8.10
4931	8.40
4951	8.10
4952	8.30
4953	8.50
4954	8.50
5009	8.50
5040	7.60
5053	9.20
5080	7.30
5105	8.10
5120	8.60
5156	7.70
5190	8.20
5193	8.60
5219	6.70
5282	8.10
5291	9.30
5297	9.20
5340	6.40
5359	8.40
5456	8.60
5492	8.50
5496	8.30
5505	8.50
5532	8.30
5543	8.50
5550	8.40
5586	8.20
5603	7.30
5606	8.00
5622	8.30
5672	8.10
5678	7.80
5720	8.10
5727	7.20
5746	8.00
5778	8.10
5805	7.70
5808	7.60
5841	8.40
5869	9.00
5883	7.70
5921	8.30
5928	8.30
5932	7.70
5947	8.10
5981	7.80
5982	7.30
6017	8.40
6048	5.90
6087	9.60
6114	8.30
6133	7.90
6319	7.80
6331	8.30
6464	7.90
6495	8.50
6513	8.00
6588	7.00
6595	8.60
6624	8.40
6633	6.70
6635	8.70
6684	8.00
6712	8.10
6725	8.20
6731	7.80
6735	9.40
6761	8.10
6790	7.70
6804	8.30
6808	8.20
6826	8.50
6832	7.40
6834	7.70
6884	7.30
6903	9.90
6923	6.70
6930	7.00
6936	8.00
6949	7.70
6958	8.20
7069	7.90
7076	8.10
7077	8.50
7081	7.60
7131	7.80
7145	8.00
7161	7.90
7202	8.60
7220	7.70
7243	7.20
7393	8.10
7404	8.20
7425	7.90
7430	6.20
7441	7.50
7495	9.20
7508	8.30
7512	8.50
7529	7.20
7582	6.80
7585	7.50
7606	7.70
7609	6.70
7645	7.80
7653	7.30
7676	7.20
7699	6.90
7761	8.00
7768	7.80
7782	7.40
7836	8.20
7847	6.90
7849	8.30
7899	7.40
7916	6.10
7921	7.60
7938	6.90
7945	7.70
7992	7.60
7999	8.00
8033	8.40
8034	7.90
8043	7.30
8107	6.90
8145	8.10
8178	5.70
8217	7.40
8249	7.90
8263	7.40
8278	6.10
8407	7.70
8427	10.00
8429	7.90
8433	7.80
8472	8.10
8506	6.00
8511	6.90
8555	7.40
8611	7.70
8615	7.80
8621	8.20
8765	7.60
8784	7.20
8787	6.60
8932	7.80
8937	8.40
8964	7.50
8989	7.60
9041	7.30
9060	8.40
9073	7.50
9167	7.60
9221	7.50
9239	8.20
9271	8.20
9355	7.50
9382	7.80
9388	7.70
9391	7.50
9407	7.60
9452	7.30
9505	7.80
9515	8.10
9518	8.00
9563	7.60
9605	7.60
9615	6.70
9649	7.90
9674	7.70
9727	8.60
9766	6.80
9788	8.40
9792	7.40
9807	6.20
9815	7.20
9878	6.90
9922	7.20
9923	7.70
9944	8.20
9950	6.70
9954	7.00
10014	7.70
10023	7.30
10051	8.00
10065	7.30
10102	7.80
10173	7.80
10185	7.30
10200	7.60
10219	7.30
10233	7.90
10287	7.20
10296	9.40
10332	7.70
10340	7.20
10341	7.00
10366	7.80
10402	7.30
10406	7.40
10456	8.30
10463	6.80
10504	6.70
10534	7.20
10585	8.20
10600	7.20
10632	7.70
10688	6.90
10702	5.90
10754	6.70
10816	7.50
10870	7.50
10872	5.70
10887	8.80
10900	7.90
10921	8.60
10929	6.70
10934	7.60
10949	7.20
10972	7.00
10994	6.70
11004	8.20
11007	7.30
11029	6.60
11035	7.00
11037	7.60
11091	6.70
11093	6.80
11120	7.20
11185	7.10
11290	6.80
11293	8.10
11344	8.00
11348	6.90
11394	6.90
11399	6.90
11431	7.00
11449	6.10
11464	8.80
11483	7.40
11526	7.20
11541	6.00
11574	7.10
11626	8.40
11633	6.90
11637	6.60
11661	8.30
11697	7.20
11708	6.80
11712	6.00
11714	6.90
11752	8.00
11760	7.30
11876	6.00
11956	7.30
11967	7.00
11991	6.80
12018	8.50
12046	7.10
12075	6.10
12106	6.80
12120	6.70
12143	6.00
12147	7.00
12152	7.00
12160	7.40
12199	7.40
12219	7.10
12294	6.90
12413	7.70
12422	6.70
12455	7.00
12463	6.80
12494	7.20
12510	8.30
12519	6.70
12537	6.50
12544	6.60
12576	6.20
12579	7.30
12588	6.80
12606	6.30
12703	7.10
12759	7.50
12761	7.10
12810	6.30
12846	6.80
12854	5.60
12862	7.30
12867	6.00
12907	6.00
12948	5.10
12991	6.70
13022	7.00
13023	6.80
13045	5.90
13068	6.00
13142	6.70
13158	4.90
13184	6.80
13188	6.70
13206	6.60
13257	6.40
13285	7.20
13305	6.70
13339	6.50
13392	5.80
13439	6.90
13479	6.70
13485	6.30
13547	6.90
13624	6.50
13626	6.30
13658	7.20
13738	5.90
13743	6.30
13755	6.70
13776	6.30
13812	6.50
13827	6.50
13834	6.40
13836	7.00
13842	6.30
13858	6.50
13860	6.90
13864	4.80
13964	7.70
13981	6.60
14018	8.40
14021	7.60
14028	7.70
14043	6.80
14151	7.40
14173	6.70
14206	7.00
14235	6.20
14285	6.50
14326	6.30
14345	7.00
14372	6.90
14378	6.90
14394	6.50
14434	6.50
14499	6.60
14635	6.60
14679	6.00
14681	6.60
14686	6.30
14710	6.90
14713	6.60
14737	5.60
14760	6.00
14801	6.00
14864	6.40
14865	6.40
14897	6.80
14952	6.20
14953	6.50
14992	4.50
14995	6.20
15008	5.90
15010	7.10
15017	6.00
15046	6.20
15054	6.20
15058	6.50
15140	8.60
15159	6.00
15164	6.10
15178	6.70
15238	6.50
15244	6.00
15281	7.20
15297	6.00
15346	6.90
15356	6.80
15444	4.60
15465	6.50
15477	7.70
15548	5.90
15582	6.80
15612	6.00
15624	4.60
15629	7.50
15634	6.30
15662	5.20
15676	6.70
15721	7.40
15739	7.00
15758	6.20
15760	5.70
15764	6.40
15854	6.00
15879	6.60
15941	5.60
15955	5.60
15962	5.80
15967	6.60
15978	7.80
16018	6.30
16044	5.80
16069	5.00
16092	4.20
16108	7.20
16120	6.20
16151	4.90
16174	6.00
16191	6.30
16194	4.60
16196	6.80
16201	5.30
16212	6.40
16254	6.00
16305	6.20
16330	6.10
16332	5.60
16377	6.30
16413	6.30
16418	5.90
16437	6.30
16468	5.80
16520	5.90
16523	5.60
16564	5.70
16582	5.70
16621	7.80
16644	5.70
16649	6.80
16652	6.30
16659	5.40
16687	6.80
16698	6.20
16699	6.00
16727	6.20
16732	5.90
16740	5.40
16745	6.40
16770	6.00
16816	6.00
16822	5.80
16830	4.60
16873	5.80
16898	5.60
16911	6.00
16919	7.10
16927	5.00
16944	5.90
16966	7.10
16988	5.90
17003	6.00
17029	5.80
17038	6.30
17055	5.10
17064	5.00
17140	6.50
17164	4.70
17207	6.20
17212	5.80
17225	6.50
17235	5.30
17337	7.50
17382	5.00
17397	4.10
17398	4.70
17430	5.60
17526	5.00
17591	5.30
17601	6.30
17602	6.70
17610	4.50
17680	6.70
17681	7.00
17694	4.10
17737	4.40
17752	5.40
17758	4.90
17772	5.90
17788	5.60
17802	6.00
17806	3.80
17856	5.30
17908	6.10
17935	5.60
17941	5.50
17963	5.80
18004	5.30
18025	5.30
18027	5.60
18030	5.30
18087	5.80
18103	5.80
18112	6.20
18127	5.00
18151	5.60
18157	6.10
18195	5.20
18204	5.50
18255	7.40
18279	5.60
18304	5.80
18312	4.50
18441	5.30
18493	6.00
18500	5.60
18502	5.00
18551	5.70
18572	5.80
18597	4.80
18617	5.80
18639	5.70
18681	5.80
18756	6.10
18761	5.70
18785	6.40
18792	5.50
18807	5.10
18829	5.80
18852	5.90
18882	5.00
18890	5.60
18977	5.90
19033	5.40
19042	5.30
19058	6.00
19112	5.40
19114	5.10
19202	3.30
19254	5.70
19256	5.00
19267	5.30
19327	5.70
19372	5.90
19384	5.20
19437	5.60
19439	6.20
19460	5.60
19505	4.80
19509	5.30
19573	5.30
19584	4.30
19592	5.10
19593	3.40
19596	5.30
19655	5.90
19734	7.50
19777	4.90
19839	6.30
19847	5.40
19852	5.30
19865	4.80
19876	5.20
19878	5.50
19892	5.20
19903	3.80
19927	5.20
19943	5.10
19947	6.80
19958	4.90
19990	5.60
20026	4.90
20071	3.90
20085	5.20
20101	5.20
20149	5.70
20151	5.30
20155	5.40
20163	5.00
20164	5.40
20212	5.20
20226	3.10
20227	5.40
20228	5.70
20234	3.60
20280	4.20
20323	5.10
20351	6.00
20370	5.10
20401	6.20
20422	4.90
20435	5.20
20447	3.90
20453	3.80
20463	3.30
20483	5.10
20494	5.00
20546	5.50
20650	5.10
20652	4.80
20661	4.70
20685	5.40
20699	5.30
20700	5.30
20791	5.30
20823	5.50
20826	4.70
20831	5.30
20856	4.40
20868	5.60
20890	4.40
20989	5.50
21023	4.80
21025	5.20
21026	5.40
21067	3.50
21121	5.60
21124	4.60
21169	2.80
21198	5.30
21210	5.20
21228	4.60
21241	5.30
21302	5.00
21325	5.10
21404	5.10
21513	5.40
21540	4.50
21581	5.00
21593	4.60
21625	5.00
21630	4.80
21632	5.60
21659	5.70
21679	5.00
21720	7.00
21724	4.40
21731	5.10
21776	4.90
21882	5.50
21920	5.20
21952	4.60
22004	4.60
22084	5.00
22085	4.80
22096	4.60
22097	5.30
22099	5.20
22104	6.00
22148	5.00
22221	5.30
22230	4.90
22250	4.80
22276	4.60
22277	6.20
22282	5.90
22292	4.90
22303	4.80
22330	4.30
22331	5.10
22335	5.00
22346	5.90
22372	5.60
22399	4.50
22409	4.50
22424	4.10
22445	4.10
22458	6.90
22466	5.60
22473	4.90
22542	4.80
22589	6.40
22612	4.40
22641	4.70
22663	3.90
22696	3.90
22742	6.70
22773	4.80
22843	3.70
22881	5.30
22897	4.70
22947	4.70
22972	4.90
23016	3.70
23031	4.40
23033	4.50
23041	4.70
23057	4.80
23086	6.20
23095	4.80
23106	4.70
23114	3.80
23116	4.40
23135	4.40
23194	4.00
23263	5.90
23351	4.30
23392	5.20
23407	4.30
23419	4.40
23549	3.70
23594	5.00
23597	4.60
23599	4.60
23633	4.70
23645	4.40
23663	4.80
23685	5.00
23703	3.40
23706	2.40
23739	4.60
23759	5.10
23792	4.90
23811	4.50
23878	5.60
23889	6.20
23890	4.30
23925	3.70
24014	4.60
24020	4.00
24037	3.90
24098	4.60
24108	3.00
24133	3.60
24198	5.70
24259	4.30
24277	4.20
24300	5.30
24314	4.10
24321	4.40
24341	4.00
24353	4.00
24379	4.80
24393	4.70
24407	4.20
24417	3.60
24465	4.40
24494	5.90
24504	3.90
24509	3.90
24514	2.60
24558	4.10
24573	4.00
24647	4.10
24666	3.80
24706	4.20
24715	3.80
24770	3.70
24790	4.10
24850	3.80
24852	4.30
24868	3.90
24896	3.60
24907	4.20
24934	4.60
24944	4.20
24949	4.30
24956	4.20
24975	4.10
25008	4.10
25016	3.50
25065	3.80
25096	3.90
25146	3.20
25204	5.10
25208	3.60
25223	4.10
25231	3.80
25246	5.80
25253	4.30
25261	4.00
25290	4.40
25344	4.10
25498	3.00
25506	3.90
25536	4.70
25556	4.00
25567	3.90
25608	3.30
25609	3.30
25615	4.40
25645	4.10
25666	4.20
25677	3.70
25696	3.30
25724	4.50
25767	3.80
25777	3.70
25788	3.50
25825	3.60
25887	3.80
25914	3.80
25973	3.80
26009	4.00
26010	3.60
26016	3.70
26025	3.60
26066	3.70
26104	4.10
26116	5.30
26117	3.90
26152	4.20
26187	5.00
26220	3.40
26260	3.30
26289	4.40
26361	3.90
26390	4.00
26403	3.30
26414	3.80
26465	1.60
26477	3.60
26479	3.40
26501	4.70
26516	3.60
26523	3.80
26553	3.60
26557	4.00
26598	3.90
26616	4.00
26710	5.60
26742	3.70
26819	3.90
26891	3.60
26906	3.30
26957	3.30
26971	1.70
27063	3.30
27089	3.90
27090	3.90
27099	3.50
27101	3.90
27102	3.90
27109	5.50
27176	3.50
27216	3.80
27228	2.20
27244	3.50
27250	3.50
27294	3.90
27364	4.80
27370	3.40
27394	2.50
27427	3.80
27448	4.40
27456	3.50
27515	4.40
27545	3.40
27575	3.60
27643	2.00
27644	3.60
27645	3.30
27647	3.70
27682	2.40
27724	3.80
27729	2.90
27730	3.50
27769	4.10
27778	3.90
27831	3.00
27843	3.70
27856	3.70
27866	3.70
27872	3.60
27896	5.80
27919	4.00
27946	3.50
27982	4.90
28024	3.30
28089	3.20
28095	3.60
28116	3.90
28121	3.30
28142	3.20
28158	3.80
28164	3.60
28168	2.70
28209	4.00
28211	3.00
28299	3.60
28314	3.80
28337	3.30
28344	3.20
28349	3.60
28365	4.20
28392	3.40
28423	3.00
28444	4.50
28460	4.00
28498	2.90
28504	4.00
28507	3.50
28519	3.10
28562	3.20
28576	3.40
28685	2.60
28741	3.40
28749	4.90
28752	3.40
28758	4.10
28797	2.40
28860	2.80
28932	3.70
28937	4.00
28943	3.60
28958	3.00
28960	3.30
29025	4.30
29045	3.30
29090	3.30
29103	2.40
29188	3.90
29201	3.30
29225	3.60
29245	3.30
29252	3.50
29289	2.50
29290	1.10
29293	2.20
29330	3.80
29331	1.20
29375	4.20
29377	3.20
29403	3.60
29457	1.00
29462	3.80
29463	3.20
29467	3.40
29474	3.30
29505	1.80
29519	3.00
29555	3.60
29557	2.80
29573	3.10
29599	3.90
29605	3.30
29620	4.30
29621	2.30
29624	3.50
29646	3.30
29674	2.80
29711	2.30
29713	2.10
29716	2.50
29775	4.00
29797	3.70
29844	4.10
29885	2.50
29893	4.10
29924	2.90
29970	2.80
30042	3.60
30051	3.10
30097	3.10
30103	3.20
30108	3.50
30121	4.70
30123	3.80
30139	3.10
30174	3.90
30192	3.30
30248	2.50
30323	3.10
30327	2.80
30335	2.80
30410	3.70
30425	2.90
30493	2.40
30494	2.60
30505	3.40
30539	3.50
30582	4.40
30593	2.70
30644	2.90
30671	3.40
30704	3.70
30736	2.80
30786	2.70
30788	2.10
30795	3.70
30815	2.90
30849	2.70
30859	2.60
30958	2.90
30982	3.30
30984	2.70
31000	3.10
31011	2.50
31014	5.10
31088	3.10
31144	2.80
31168	2.80
31243	2.40
31263	2.30
31294	2.30
31297	2.70
31307	2.60
31357	2.40
31382	2.80
31414	2.80
31428	2.90
31507	2.80
31544	2.60
31566	2.50
31627	3.20
31690	2.80
31691	3.20
31743	2.50
31755	3.40
31803	2.20
31810	3.00
31812	2.80
31859	3.00
31863	3.40
31884	2.30
31918	2.40
31938	2.40
31971	2.60
31980	2.20
31984	2.80
32053	2.00
32070	2.80
32095	3.20
32099	2.00
32105	2.80
32165	2.80
32215	3.50
32218	2.90
32229	2.70
32277	2.20
32288	2.50
32298	2.20
32311	1.70
32316	2.70
32367	2.80
32408	3.30
32419	2.80
32439	3.10
32453	4.50
32465	0.90
32483	3.20
32514	1.10
32529	2.00
32549	1.40
32580	2.70
32588	3.10
32601	2.90
32669	3.00
32686	3.00
32713	2.60
32743	0.60
32751	1.70
32805	2.50
32819	2.70
32823	1.50
32888	2.40
32903	2.90
32930	1.90
32997	1.70
33041	3.00
33062	2.20
33070	2.60
33089	2.30
33099	2.70
33102	2.80
33164	2.40
33186	2.40
33199	3.50
33218	2.50
33234	2.20
33246	3.80
33270	4.50
33287	3.20
33301	4.20
33334	2.20
33339	1.60
33351	3.70
33371	2.30
33407	2.20
33435	2.10
33466	2.20
33473	3.30
33474	1.50
33483	1.40
33501	2.00
33534	2.20
33535	3.10
33550	3.20
33571	3.10
33580	2.50
33585	2.00
33586	2.70
33595	2.60
33618	1.80
33634	2.50
33699	2.30
33707	0.30
33719	1.00
33781	2.20
33798	2.40
33841	3.30
33878	2.10
33893	3.20
33902	2.80
33921	2.30
33965	1.00
33986	2.30
34036	3.40
34039	2.70
34095	1.90
34128	4.40
34137	3.00
34157	2.50
34177	1.70
34197	2.50
34261	3.40
34386	2.60
34454	2.30
34491	2.60
34520	2.30
34521	4.00
34532	2.80
34540	3.10
34613	0.20
34628	2.10
34653	1.20
34670	2.60
34688	2.10
34708	2.10
34717	1.90
34719	2.50
34736	4.20
34740	2.20
34741	2.40
34752	1.30
34758	2.30
34762	1.50
34769	2.60
34859	2.50
34878	3.20
34885	2.20
34961	2.10
34980	2.10
34984	1.80
35036	1.70
35067	1.90
35087	3.90
35105	2.00
35122	2.00
35123	1.90
35154	2.40
35191	1.10
35279	1.40
35349	1.50
35358	1.70
35366	2.10
35376	3.00
35383	3.10
35432	1.30
35463	2.80
35464	2.90
35468	1.60
35503	3.10
35511	1.70
35532	1.80
35541	0.60
35549	0.00
35575	2.00
35583	2.50
35590	0.90
35606	2.20
35618	2.00
35621	1.20
35636	2.20
35681	2.60
35711	1.90
35713	1.80
35715	1.50
35723	2.30
35739	2.20
35784	1.70
35833	2.50
35865	2.30
35876	1.80
35920	1.80
35936	3.60
35952	2.50
36045	2.20
36064	1.60
36071	2.20
36084	1.80
36117	0.40
36140	1.30
36185	1.70
36246	1.90
36271	0.70
36288	2.20
36381	1.90
36410	2.40
36418	2.10
36442	2.20
36491	2.00
36500	1.80
36525	1.50
36543	1.90
36584	1.60
36598	2.10
36640	2.00
36660	1.10
36697	1.90
36735	1.30
36737	1.90
36792	1.00
36866	1.80
36893	1.90
36946	1.60
37006	2.20
37032	1.60
37033	1.40
37057	2.90
37097	1.10
37101	1.90
37115	2.80
37124	1.50
37180	1.80
37185	0.80
37199	1.60
37201	2.40
37248	1.80
37249	2.50
37282	2.00
37321	2.10
37360	2.00
37373	1.90
37386	1.40
37395	1.30
37412	2.00
37419	0.80
37429	1.70
37449	1.50
37456	1.60
37484	2.50
37500	0.70
37550	1.60
37568	2.00
37571	0.80
37600	1.90
37638	3.10
37667	1.40
37675	3.00
37698	1.90
37705	2.60
37708	0.00
37748	1.60
37752	1.90
37759	2.20
37788	1.10
37798	2.10
37811	3.00
37814	1.90
37826	1.60
37854	1.60
37857	1.80
37877	1.10
37974	1.70
38000	1.80
38015	1.60
38032	1.60
38045	1.70
38059	0.30
38062	2.10
38078	2.10
38084	1.60
38174	0.40
38207	2.40
38212	1.20
38227	0.00
38237	3.10
38272	1.50
38327	2.30
38361	1.60
38414	1.20
38527	1.70
38538	1.20
38575	2.20
38604	1.90
38619	1.50
38648	1.30
38650	1.20
38671	1.90
38708	2.40
38717	1.10
38740	1.50
38758	2.70
38777	1.80
38833	1.50
38836	2.30
38924	1.50
38961	2.20
38996	0.60
39034	1.00
39054	0.00
39063	1.10
39119	1.30
39134	0.80
39141	0.00
39163	0.50
39168	1.40
39181	1.50
39237	1.60
39251	1.70
39262	0.90
39305	1.70
39308	0.90
39315	1.90
39337	1.00
39361	0.80
39376	1.70
39414	3.20
39417	1.80
39571	1.00
39590	1.30
39658	3.00
39666	1.70
39694	1.00
39699	1.30
39714	1.60
39717	0.00
39727	1.10
39786	1.10
39810	1.30
39879	0.50
39950	0.70
39956	0.50
40034	1.20
40068	2.00
40076	1.60
40125	1.10
40152	1.50
40154	1.20
40209	1.60
40260	1.00
40285	2.70
40374	0.90
40383	0.00
40417	1.10
40515	0.50
40525	1.30
40539	1.70
40557	0.80
40564	1.80
40588	3.40
40597	1.10
40601	1.20
40618	3.20
40628	1.30
40643	1.00
40650	0.90
40760	1.10
40791	0.70
40810	1.20
40827	1.00
40869	1.40
40886	1.20
40900	1.00
40915	0.00
40935	1.20
41025	0.80
41095	0.80
41101	1.90
41115	1.20
41118	2.10
41147	2.90
41215	1.90
41248	1.00
41264	1.60
41320	0.00
41341	1.20
41377	0.90
41379	1.20
41428	0.00
41437	3.20
41443	0.00
41445	0.60
41450	1.30
41457	1.20
41482	1.30
41491	0.10
41528	1.10
41582	2.00
41751	1.00
41775	1.20
41795	1.40
41797	1.40
41856	0.70
41889	0.20
41929	1.60
41931	1.10
41941	0.60
41949	1.30
41954	0.10
42016	1.50
42029	0.90
42031	1.10
42045	2.60
42074	1.50
42112	0.90
42133	0.70
42139	0.00
42148	1.60
42198	1.20
42210	0.80
42218	0.20
42231	0.10
42232	2.70
42247	1.10
42253	0.10
42284	0.60
42306	1.70
42309	0.40
42314	1.40
42332	1.90
42367	0.60
42370	0.50
42410	0.40
42427	0.80
42448	2.10
42484	0.00
42557	1.00
42587	0.70
42624	0.00
42634	1.30
42647	0.90
42666	0.60
42700	1.10
42719	0.30
42783	2.00
42785	1.40
42790	1.10
42791	1.00
42795	3.00
42857	1.20
42882	0.80
42895	0.00
42904	0.90
42935	0.10
42970	2.60
43031	1.00
43039	1.10
43044	1.30
43089	0.60
43091	1.60
43098	0.50
43132	0.00
43137	0.80
43165	1.00
43171	0.30
43181	1.10
43210	0.10
43223	1.50
43240	1.00
43282	1.30
43325	1.00
43326	0.50
43340	1.00
43411	1.20
43439	1.10
43492	0.70
43511	1.10
43603	0.70
43639	0.60
43706	1.00
43757	0.90
43776	0.40
43798	1.40
43870	1.50
43882	1.30
43898	0.80
43958	2.90
43962	0.90
43967	0.80
44002	1.00
44020	1.00
44042	1.20
44223	0.90
44236	1.10
44267	1.20
44274	1.40
44287	0.50
44329	1.00
44398	0.50
44417	0.70
44428	0.00
44499	2.60
44535	1.20
44555	0.40
44557	1.20
44620	1.40
44642	1.70
44661	0.00
44676	0.00
44697	1.00
44720	1.00
44777	0.00
44787	0.60
44806	0.60
44817	1.40
44822	0.00
44870	2.50
44926	0.80
44931	2.10
44954	0.60
44968	0.90
45006	0.00
45024	0.60
45086	0.80
45107	0.80
45111	0.70
45139	1.00
45168	0.10
45200	0.70
45202	1.30
45208	0.70
45211	1.40
45221	1.70
45243	2.10
45281	1.10
45306	0.90
45309	0.00
45332	0.70
45349	0.80
45353	0.10
45393	1.90
45398	0.70
45400	0.50
45436	0.90
45439	2.40
45448	1.20
45557	1.00
45586	1.80
45589	0.70
45641	0.00
45642	0.00
45651	1.70
45712	0.00
45718	0.10
45724	0.50
45759	1.80
45884	0.70
45885	0.80
45905	0.30
45935	0.50
45936	1.20
45956	0.60
45986	0.30
45995	0.80
46051	0.80
46081	0.30
46088	0.30
46106	0.90
46118	1.10
46148	0.60
46153	0.70
46186	0.30
46192	1.40
46207	0.50
46216	1.00
46234	1.00
46259	2.10
46295	1.20
46305	0.20
46306	0.40
46338	1.40
46343	0.90
46392	2.60
46436	1.00
46463	0.50
46472	0.60
46504	1.70
46515	0.00
46587	0.90
46644	0.50
46655	1.20
46695	0.70
46809	0.70
46830	1.80
46862	0.70
46870	1.90
46888	0.50
46927	0.00
46986	0.20
46991	0.50
47052	0.90
47053	1.50
47058	0.60
47082	1.20
47083	0.60
47107	0.90
47120	0.40
47129	0.40
47182	0.60
47188	1.00
47209	0.80
47234	0.80
47296	0.60
47299	0.80
47324	1.10
47343	1.00
47348	0.50
47382	2.20
47413	0.00
47491	0.10
47494	1.60
47508	0.70
47511	0.40
47530	1.30
47570	0.20
47579	0.00
47586	1.20
47661	0.80
47701	0.00
47709	0.00
47726	0.20
47738	0.60
47741	0.50
47798	0.00
47817	0.90
47825	0.00
47855	1.90
47857	0.20
47875	1.00
47977	0.00
47978	1.20
47998	0.00
48000	0.00
48052	0.60
48077	0.20
48134	0.80
48152	0.00
48163	0.40
48176	0.40
48188	0.80
48195	0.70
48235	1.30
48268	0.60
48282	0.00
48308	0.30
48320	0.30
48337	0.50
48339	0.90
48345	0.00
48398	0.90
48403	1.10
48452	1.10
48471	0.20
48499	0.70
48532	1.30
48611	0.00
48614	0.00
48622	0.20
48628	0.20
48643	0.70
48663	0.40
48678	0.70
48704	1.00
48714	0.80
48754	1.40
48829	0.60
48839	0.60
48879	0.00
48916	0.00
48933	0.20
48948	0.80
48951	0.80
48960	0.70
48985	0.30
48990	0.00
49054	0.00
49069	0.80
49076	0.40
49097	0.50
49123	1.10
49142	0.50
49160	0.70
49187	0.00
49229	0.80
49231	1.10
49252	0.80
49258	1.00
49262	1.10
49279	1.10
49280	0.80
49332	0.70
49374	1.20
49397	0.70
49572	0.30
49601	0.10
49627	0.40
49651	0.00
49745	2.20
49812	0.00
49887	0.00
49901	0.70
49925	0.20
49955	0.00
49967	0.70
50010	0.60
50025	0.90
50051	0.10
50061	1.00
50096	1.50
50110	0.00
50133	0.50
50159	1.50
50180	0.90
50200	0.60
50210	0.60
50212	0.60
50233	0.70
50299	0.70
50351	0.60
50417	0.00
50476	0.10
50488	0.00
50517	0.30
50525	0.40
50529	0.60
50567	0.20
50633	0.30
50639	0.60
50643	0.00
50647	1.10
50679	0.40
50681	0.80
50694	1.20
50779	0.00
50795	0.00
50802	0.30
50811	0.00
50829	0.40
50886	0.50
50889	1.00
50903	0.40
50947	0.00
50962	0.50
51014	0.70
51073	2.40
51080	0.50
51149	0.00
51171	0.50
51172	0.30
51183	0.60
51187	0.00
51188	0.90
51239	0.60
51270	0.90
51299	0.00
51306	0.40
51332	0.30
51334	0.00
51357	0.70
51361	0.00
51362	0.60
51393	0.70
51409	0.50
51414	0.50
51463	0.50
51479	1.60
51492	0.30
51532	0.50
51548	0.00
51569	1.10
51570	0.30
51589	0.00
51598	0.00
51619	0.50
51643	0.00
51662	0.00
51686	1.30
51698	0.00
51723	0.10
51738	0.10
51753	0.70
51755	0.00
51791	2.30
51828	0.20
51906	0.70
51930	0.10
51934	0.40
51958	0.40
52006	1.70
52022	0.40
52026	0.40
52032	0.40
52046	0.80
52056	0.00
52087	0.40
52095	0.60
52165	0.10
52186	0.40
52255	1.90
52293	0.00
52329	0.30
52338	0.00
52341	0.50
52349	0.20
52369	1.10
52370	0.00
52421	1.00
52435	0.60
52456	0.30
52494	0.50
52495	0.20
52515	0.20
52562	0.60
52574	0.40
52583	0.50
52627	1.80
52715	1.20
52777	0.50
52835	0.00
52838	1.10
52859	0.20
52887	0.90
52893	0.40
52911	1.70
52963	1.20
52986	0.70
53012	0.40
53055	0.00
53129	0.30
53162	1.90
53171	0.00
53189	0.30
53197	0.40
53231	0.90
53233	0.30
53243	0.20
53271	0.60
53296	0.50
53304	0.70
53420	0.10
53424	0.40
53433	0.50
53437	0.00
53442	0.00
53452	0.80
53466	0.80
53539	1.20
53598	0.70
53642	0.00
53645	0.00
53680	0.50
53691	1.70
53701	0.20
53730	0.00
53759	0.00
53779	0.50
53783	1.40
53808	0.00
53844	0.30
53876	0.90
53896	0.20
53984	1.40
54073	0.80
54147	0.40
54175	0.30
54198	0.00
54230	0.50
54278	0.50
54340	0.50
54347	0.00
54415	0.60
54418	2.00
54475	0.70
54476	0.20
54501	0.20
54553	0.70
54590	0.20
54592	0.10
54619	0.00
54639	1.00
54667	1.70
54721	0.60
54755	2.40
54771	0.10
54793	1.20
54807	0.60
54818	0.20
54821	1.00
54895	0.40
54924	0.00
54938	0.60
54949	0.60
54950	0.30
54983	0.30
54986	0.10
55028	0.40
55047	0.20
55080	0.10
55111	0.70
55142	2.10
55151	0.20
55202	0.70
55223	0.60
55291	0.20
55327	0.30
55329	0.20
55350	0.50
55371	0.90
55427	0.10
55431	0.00
55450	0.60
55504	0.50
55514	0.80
55519	0.60
55537	0.40
55595	0.50
55596	0.40
55638	0.70
55684	0.50
55707	0.70
55728	0.60
55795	1.00
55797	0.50
55820	0.30
55848	0.70
55910	1.50
55916	0.70
55918	0.00
55932	0.00
56043	0.00
56056	0.90
56083	0.20
56177	1.40
56226	0.40
56249	1.00
56250	0.00
56264	1.30
56271	0.30
56295	0.60
56305	0.80
56351	0.60
56369	0.60
56376	0.50
56379	0.50
56380	0.70
56386	0.40
56418	0.50
56471	0.00
56479	0.10
56496	0.00
56540	0.70
56545	0.40
56558	1.10
56590	1.10
56596	0.40
56604	0.60
56620	0.40
56674	0.40
56729	1.50
56752	2.20
56757	0.30
56806	0.00
56808	0.40
56811	0.00
56825	0.20
56847	0.00
56859	0.10
56864	1.60
56921	0.10
56925	0.70
56973	0.30
57025	0.90
57095	0.50
57116	0.10
57163	0.60
57208	0.50
57244	1.80
57256	0.00
57272	1.00
57283	0.40
57292	1.60
57300	0.00
57310	0.30
57320	0.80
57342	0.20
57386	1.20
57434	0.50
57468	2.50
57485	0.90
57494	0.60
57646	0.00
57658	1.20
57663	1.10
57667	0.70
57677	1.60
57681	0.00
57687	0.80
57690	2.00
57716	0.60
57730	1.10
57758	0.80
57759	0.40
57761	0.00
57766	0.00
57767	0.40
57788	0.50
57803	0.20
57815	0.60
57865	1.00
57874	0.60
57879	0.00
57908	0.40
57918	0.00
57988	0.50
58001	1.00
58078	0.50
58146	1.00
58179	0.10
58241	0.00
58295	0.70
58306	1.70
58312	1.90
58339	0.00
58406	0.60
58426	0.90
58450	0.70
58455	0.10
58460	0.50
58464	0.40
58489	0.00
58543	0.70
58547	0.00
58585	0.70
58590	1.20
58643	0.00
58679	0.30
58681	1.20
58726	0.00
58763	0.70
58775	1.90
58794	0.90
58834	0.60
58840	0.20
58877	0.30
58910	0.00
58943	0.80
58946	2.10
58950	0.60
58967	0.20
58983	0.90
58996	0.00
59058	0.50
59095	1.10
59103	0.00
59104	0.60
59117	0.30
59121	0.60
59122	0.80
59141	0.50
59150	1.30
59153	0.90
59156	0.60
59157	0.30
59181	0.70
59189	0.50
59234	1.50
59302	0.50
59304	0.60
59363	0.70
59382	0.70
59419	1.30
59460	0.00
59489	0.70
59500	0.80
59511	0.70
59513	1.50
59518	0.00
59539	0.80
59542	0.90
59606	1.30
59645	1.00
59664	0.60
59704	0.30
59725	1.20
59734	0.80
59779	0.80
59823	0.00
59845	0.80
59857	0.00
59868	0.80
59892	0.50
59899	0.40
60003	0.00
60038	0.80
60041	0.90
60065	1.20
60080	0.70
60092	1.70
60102	1.60
60109	1.10
60160	0.30
60228	0.60
60243	0.40
60314	0.40
60336	1.80
60369	0.40
60396	1.10
60433	0.70
60496	1.00
60533	0.00
60539	0.90
60595	0.60
60636	0.00
60660	3.00
60692	0.10
60720	1.30
60733	0.60
60747	1.10
60769	1.00
60807	1.10
60810	0.00
60822	0.90
60846	0.30
60909	0.50
60941	1.00
60945	1.20
60977	0.00
60983	0.00
60998	0.70
61014	0.50
61016	1.00
61058	1.10
61073	0.60
61102	0.80
61122	1.10
61176	1.00
61178	0.10
61183	1.00
61188	0.00
61191	0.80
61200	1.00
61224	0.70
61274	0.50
61279	0.00
61301	1.10
61330	0.90
61345	0.40
61356	0.40
61422	1.60
61435	1.20
61465	0.60
61466	0.00
61618	0.70
61733	0.40
61750	0.90
61799	0.80
61827	1.60
61878	0.90
61891	1.40
61898	1.30
61916	2.30
61940	2.70
61941	1.40
61954	0.50
61994	1.10
62017	1.10
62046	0.60
62083	0.00
62117	2.40
62118	0.30
62123	0.90
62146	2.50
62161	0.30
62169	1.30
62185	1.40
62190	0.00
62205	1.20
62220	0.90
62310	1.20
62365	3.00
62397	0.00
62410	2.50
62426	0.50
62434	1.00
62476	0.10
62481	1.10
62531	1.90
62570	1.80
62576	1.10
62583	0.00
62593	1.00
62612	1.40
62638	0.30
62653	0.10
62669	1.00
62686	0.00
62722	0.90
62791	1.00
62830	0.20
62842	1.60
62863	0.50
62885	1.20
62887	2.60
62913	1.10
62918	1.10
62952	0.70
62953	0.90
62965	1.70
63104	0.00
63120	1.30
63129	1.10
63133	0.90
63160	0.90
63210	3.20
63276	0.80
63285	0.90
63434	1.10
63471	1.00
63535	1.30
63561	1.20
63575	1.10
63632	0.90
63652	1.10
63667	1.50
63722	1.50
63730	0.50
63885	1.00
63944	1.40
63955	1.00
63966	1.10
63970	0.80
63978	1.20
64029	0.60
64117	0.00
64161	1.60
64208	2.90
64220	1.60
64357	1.80
64426	1.70
64429	0.80
64439	3.00
64451	1.80
64452	1.20
64471	2.20
64496	0.90
64500	1.00
64550	1.00
64584	0.70
64608	1.40
64636	1.80
64678	1.30
64689	1.30
64738	1.40
64788	1.60
64803	1.50
64897	0.90
64906	0.80
64925	1.30
64970	0.40
64982	1.70
64986	1.90
65023	0.50
65069	1.00
65085	0.50
65118	1.20
65133	1.50
65161	0.80
65168	0.00
65173	0.00
65181	1.70
65265	0.50
65271	0.60
65276	0.50
65287	1.50
65310	2.00
65370	1.30
65388	2.60
65419	1.60
65430	0.40
65431	1.60
65433	1.60
65438	1.20
65501	1.50
65509	1.10
65597	1.20
65676	2.30
65765	0.60
65785	1.10
65836	2.30
65849	0.60
65890	1.60
65923	2.90
65945	1.60
66031	1.90
66044	1.50
66075	0.80
66098	1.00
66109	3.50
66112	0.80
66120	1.20
66123	1.60
66143	1.90
66176	1.60
66259	0.60
66300	1.90
66309	1.30
66460	1.40
66461	1.60
66491	1.30
66511	1.20
66555	0.60
66603	1.70
66607	1.10
66626	1.40
66645	1.20
66657	2.20
66664	1.70
66679	2.00
66802	1.60
66805	1.50
66839	1.80
66859	1.20
66893	0.00
66945	1.30
66950	1.40
66961	1.60
66977	1.50
67010	2.50
67097	1.40
67099	0.00
67104	1.60
67107	1.70
67129	1.30
67153	0.30
67215	1.40
67226	2.00
67257	1.60
67293	1.60
67306	2.40
67316	1.40
67347	1.60
67353	1.00
67362	1.50
67394	2.10
67425	1.50
67427	1.70
67431	3.50
67466	1.60
67469	1.50
67478	0.20
67491	1.90
67494	2.10
67500	1.60
67511	0.60
67570	2.50
67579	2.00
67599	1.00
67618	1.60
67630	1.50
67647	3.10
67649	1.10
67654	1.60
67661	1.30
67690	1.40
67700	2.20
67720	0.40
67737	1.70
67744	1.70
67757	1.80
67843	1.70
67850	2.00
67854	1.80
67898	1.50
67997	1.30
68026	1.90
68045	0.10
68055	1.60
68066	1.20
68104	1.50
68115	2.70
68148	1.60
68182	2.10
68227	2.00
68234	2.80
68347	1.50
68384	1.90
68408	1.90
68413	0.90
68469	2.60
68494	2.30
68532	1.00
68572	1.70
68578	1.30
68637	1.80
68672	1.90
68674	1.80
68687	3.00
68705	2.70
68708	1.30
68713	1.30
68789	1.90
68794	1.90
68802	1.70
68803	1.00
68814	1.90
68871	1.70
68889	2.40
68893	1.60
68905	3.00
68991	0.90
69009	2.30
69097	3.20
69113	1.80
69140	1.40
69168	1.90
69195	3.10
69295	1.70
69319	4.10
69329	1.70
69335	1.70
69376	3.10
69385	2.50
69411	2.20
69435	1.30
69463	0.40
69577	1.70
69605	0.50
69635	1.60
69648	0.60
69653	2.90
69673	3.50
69717	1.90
69719	1.10
69753	1.50
69771	2.90
69776	2.50
69778	1.30
69784	2.60
69794	2.40
69910	2.00
69920	2.00
69949	0.60
69954	2.40
69962	1.60
69963	2.00
70014	1.10
70063	2.50
70067	2.00
70125	2.50
70151	1.80
70276	2.60
70361	2.20
70412	3.20
70470	3.30
70494	1.80
70553	2.60
70559	2.40
70569	2.40
70572	1.90
70583	0.30
70635	1.50
70653	2.10
70671	3.10
70735	1.90
70743	1.80
70762	2.70
70767	2.10
70784	2.30
70798	2.30
70805	1.80
70846	2.50
70862	2.10
70919	2.20
70928	2.80
70941	1.80
70954	2.70
70970	1.00
70985	2.20
71009	2.40
71020	2.30
71023	3.50
71028	2.00
71041	0.70
71070	2.10
71074	2.00
71081	1.60
71092	2.10
71096	1.20
71117	2.00
71122	2.40
71135	0.60
71137	1.90
71155	2.30
71181	2.90
71203	2.30
71222	1.80
71254	2.30
71281	0.60
71299	2.30
71302	2.40
71325	1.00
71342	2.20
71417	2.60
71465	3.20
71551	3.70
71555	0.70
71558	2.00
71621	2.30
71665	2.30
71674	3.90
71770	2.10
71781	4.30
71865	2.30
72043	2.10
72066	2.50
72083	2.30
72091	4.50
72109	2.10
72110	2.70
72111	1.80
72130	1.70
72139	2.50
72150	3.10
72172	1.30
72176	3.50
72187	4.40
72199	2.40
72207	4.60
72227	3.40
72258	2.30
72263	3.70
72284	2.30
72290	2.50
72350	1.10
72355	1.90
72372	2.20
72382	2.20
72441	1.70
72442	3.20
72448	2.20
72518	0.70
72617	2.40
72626	2.80
72630	2.60
72665	2.30
72692	1.10
72701	2.60
72702	4.00
72722	2.40
72733	2.60
72772	2.20
72818	2.50
72834	2.50
72862	2.80
72863	2.50
72885	1.20
72891	2.30
72928	2.70
72945	2.50
72955	1.50
73000	2.00
73017	1.90
73040	0.90
73055	2.60
73074	2.60
73095	2.60
73105	4.40
73108	3.00
73125	2.40
73153	3.40
73166	3.10
73171	3.00
73177	2.70
73202	2.40
73224	2.50
73267	3.40
73269	2.40
73283	2.60
73289	1.60
73341	2.90
73357	3.30
73369	2.70
73454	2.90
73507	3.30
73510	2.70
73520	2.90
73564	2.20
73586	2.40
73643	2.50
73650	2.70
73670	3.50
73709	2.60
73774	2.30
73806	2.40
73821	2.40
73839	3.80
73942	3.00
73977	1.50
74000	2.50
74029	2.20
74049	3.10
74070	2.70
74094	2.80
74099	2.70
74126	2.80
74137	3.00
74155	1.10
74169	0.50
74193	3.40
74197	2.50
74210	4.20
74211	2.50
74228	2.80
74232	2.50
74246	2.50
74263	3.30
74340	2.30
74342	2.50
74387	2.30
74390	2.30
74466	1.90
74492	4.90
74504	1.20
74516	3.70
74540	4.30
74563	2.30
74571	4.30
74602	2.20
74635	3.30
74672	2.90
74685	3.60
74743	2.70
74744	2.40
74751	4.10
74763	2.10
74779	3.20
74794	1.60
74817	2.80
74822	3.80
74878	3.30
74977	4.20
74998	3.40
75008	3.60
75075	3.00
75099	2.60
75153	2.50
75185	3.10
75189	2.90
75217	3.40
75268	3.80
75273	2.90
75285	2.60
75291	3.70
75310	3.00
75329	3.20
75339	2.40
75354	3.10
75363	2.80
75419	3.80
75434	2.40
75445	3.20
75468	3.20
75469	3.00
75473	3.30
75503	2.80
75512	2.20
75556	3.40
75561	3.20
75565	3.40
75584	3.40
75616	3.50
75617	3.30
75620	4.60
75654	4.10
75665	2.00
75682	3.10
75756	2.90
75779	2.40
75786	3.00
75787	3.00
75790	2.70
75835	3.30
75875	3.10
75877	2.80
75898	3.00
75917	2.90
75920	3.20
75937	2.20
75941	3.30
75942	2.00
75992	2.70
76034	2.50
76038	3.00
76043	2.90
76050	2.40
76059	3.70
76146	3.00
76161	2.00
76169	3.50
76175	3.50
76183	2.80
76249	2.50
76271	3.10
76287	3.30
76304	4.70
76314	3.30
76325	3.20
76330	3.20
76344	3.20
76398	0.90
76431	2.80
76452	3.90
76460	3.40
76515	3.60
76537	2.90
76577	3.50
76630	3.40
76636	4.30
76662	2.40
76708	4.30
76736	3.30
76778	3.10
76780	1.90
76815	2.20
76879	4.30
76952	3.50
76970	3.30
76975	3.30
77014	3.50
77045	3.60
77083	3.50
77110	3.70
77121	4.50
77173	4.50
77186	2.20
77204	3.70
77211	3.60
77238	1.20
77253	2.70
77258	3.90
77274	3.10
77277	3.70
77279	3.30
77291	3.20
77294	2.70
77303	3.50
77305	3.70
77316	3.10
77369	5.10
77397	2.70
77398	4.10
77414	3.50
77434	3.70
77439	1.30
77459	3.60
77506	3.00
77553	3.20
77576	3.00
77579	3.50
77582	3.30
77679	4.90
77753	3.90
77763	4.60
77769	3.20
77826	2.00
77827	3.40
77845	3.60
77859	3.40
77888	3.70
77925	2.30
77992	3.40
77994	4.50
78015	3.30
78083	3.60
78093	4.60
78143	4.00
78148	3.10
78202	3.60
78208	3.40
78281	3.70
78329	5.40
78336	4.50
78345	3.50
78419	3.60
78422	3.30
78428	3.70
78498	3.90
78521	4.10
78547	3.90
78565	2.90
78588	3.40
78596	2.50
78599	4.00
78775	3.60
78819	3.80
78823	3.80
78857	3.30
78871	2.90
78878	3.70
78880	4.00
78922	5.10
78932	3.40
78964	3.70
79009	3.50
79011	3.10
79030	5.20
79047	3.60
79051	3.90
79073	3.70
79076	3.00
79094	3.30
79141	3.80
79162	3.90
79172	3.50
79180	3.70
79186	2.60
79205	3.10
79217	3.60
79332	5.70
79346	2.70
79351	3.10
79363	2.50
79433	4.60
79525	3.10
79592	3.20
79634	4.00
79643	3.30
79648	4.50
79664	4.60
79716	4.50
79752	4.70
79798	4.20
79819	5.00
79838	4.10
79873	3.40
79906	5.10
79948	3.80
79962	4.90
79987	4.40
80011	4.00
80082	6.00
80121	3.20
80147	4.20
80159	2.90
80245	4.40
80252	4.80
80374	4.30
80394	3.80
80402	4.00
80470	5.80
80477	4.20
80507	3.70
80512	4.10
80550	4.40
80596	4.40
80670	3.20
80676	5.20
80685	5.10
80713	3.20
80725	4.10
80727	4.30
80749	4.00
80794	6.10
80810	3.90
80855	4.30
80870	4.20
80874	3.80
80897	4.30
80931	3.60
80937	3.70
80938	4.10
80942	3.10
80986	4.70
81011	3.60
81020	4.30
81062	4.10
81074	4.00
81077	4.80
81127	4.30
81160	6.10
81200	4.10
81202	4.20
81203	4.80
81241	4.00
81263	4.70
81311	3.80
81353	3.90
81356	4.30
81409	4.50
81425	4.40
81430	4.40
81472	4.10
81481	4.40
81482	4.30
81514	4.00
81553	4.10
81571	3.60
81594	4.30
81608	6.00
81626	4.00
81635	4.20
81647	5.80
81694	4.50
81709	4.30
81731	4.40
81735	4.10
81750	3.80
81785	3.90
81800	4.40
81805	4.30
81809	3.70
81835	4.10
81902	4.50
81945	4.20
81955	4.60
82007	5.20
82034	4.70
82037	4.40
82045	4.40
82047	2.30
82075	4.50
82120	5.80
82129	4.90
82138	4.80
82164	4.20
82171	4.90
82191	4.80
82261	4.10
82262	5.30
82316	5.40
82326	6.40
82329	2.40
82371	5.10
82400	4.30
82432	5.70
82453	4.80
82456	5.10
82462	4.30
82463	5.40
82470	4.50
82549	4.60
82563	3.50
82594	4.50
82596	3.50
82604	4.40
82676	5.10
82810	3.70
82814	4.60
82826	4.10
82835	5.10
82844	4.20
82941	4.30
82951	4.30
82983	5.00
82984	4.90
82991	3.50
83007	4.80
83015	4.30
83079	5.90
83141	6.90
83174	4.70
83218	3.90
83230	4.90
83239	6.60
83305	4.30
83316	3.70
83332	4.60
83359	5.40
83387	4.70
83394	4.70
83404	5.70
83420	5.00
83426	4.50
83435	4.00
83441	4.90
83457	4.00
83479	5.00
83484	4.60
83499	6.10
83557	4.90
83580	5.00
83675	5.10
83709	4.60
83718	5.00
83726	4.70
83735	4.70
83739	4.10
83749	5.90
83767	6.20
83771	4.60
83792	5.40
83836	5.00
83861	5.50
83884	4.60
83945	4.90
83955	5.00
83961	4.60
83968	5.00
83973	4.70
83984	3.90
83988	5.10
83992	4.50
84028	5.00
84130	4.90
84131	5.10
84175	4.60
84189	4.30
84200	6.50
84216	5.90
84255	5.00
84266	5.00
84268	5.20
84280	4.70
84296	5.10
84384	4.70
84396	4.60
84408	4.50
84419	4.80
84434	3.60
84440	4.30
84482	5.20
84502	4.70
84527	5.00
84528	4.40
84539	4.40
84591	4.70
84596	5.00
84604	4.90
84620	4.90
84682	6.10
84710	5.20
84720	4.70
84785	4.60
84810	5.00
84820	3.50
84841	5.20
84844	4.80
84858	5.40
84863	2.90
84921	5.60
84935	3.20
84955	4.70
84994	5.30
85000	3.50
85053	5.30
85079	4.00
85090	6.20
85135	5.80
85139	5.80
85171	4.80
85178	5.10
85190	5.20
85254	6.60
85346	5.60
85369	5.20
85380	5.20
85393	5.50
85406	5.10
85410	5.30
85415	3.80
85427	5.60
85467	5.60
85490	5.70
85527	5.20
85571	5.20
85585	5.60
85600	5.40
85651	4.90
85653	5.00
85658	3.70
85667	5.30
85700	5.60
85718	7.60
85752	5.40
85825	5.60
85875	5.80
85885	5.20
85902	5.80
85928	5.40
85929	5.30
85994	4.70
86006	5.00
86022	4.90
86043	5.10
86091	5.10
86180	7.00
86208	5.40
86241	5.50
86261	5.20
86298	6.60
86306	5.60
86355	4.70
86369	5.70
86418	5.20
86443	5.50
86457	6.30
86459	5.50
86519	7.00
86534	5.20
86564	5.30
86597	4.90
86606	6.30
86661	5.80
86685	5.30
86705	5.40
86731	7.60
86733	5.40
86772	5.90
86815	5.60
86825	5.80
86835	6.00
86881	4.70
86889	5.90
86897	6.10
86899	5.50
86935	7.10
86939	4.50
86978	5.50
86989	6.10
87043	5.30
87069	5.00
87272	5.80
87277	5.10
87309	5.90
87317	5.80
87329	4.90
87352	6.80
87366	5.80
87385	5.50
87396	4.80
87434	3.60
87468	5.90
87511	5.50
87513	5.90
87540	7.00
87598	5.40
87600	7.20
87652	6.70
87675	5.60
87720	6.00
87741	4.60
87777	5.80
87890	5.50
87938	4.50
87963	4.90
87998	5.60
88045	5.40
88061	6.60
88076	6.40
88107	5.80
88115	5.90
88143	6.10
88184	5.90
88199	6.20
88281	5.80
88289	5.60
88296	7.30
88343	6.00
88375	5.60
88445	5.70
88489	5.30
88523	5.40
88531	6.10
88559	4.50
88565	7.20
88597	5.00
88620	5.70
88628	7.00
88632	5.40
88640	5.80
88655	6.60
88715	6.10
88720	6.60
88755	6.40
88788	6.00
88814	6.30
88824	5.60
88888	6.30
88891	6.00
88906	5.70
88909	5.30
88929	6.10
88932	6.90
89031	6.10
89056	7.90
89060	5.60
89163	5.70
89192	6.80
89249	6.00
89253	6.40
89273	6.20
89299	6.10
89317	4.40
89334	6.20
89347	6.40
89350	6.40
89365	6.70
89370	6.70
89380	6.10
89409	5.80
89428	5.70
89487	6.50
89641	6.50
89650	6.00
89686	6.70
89693	5.80
89696	6.10
89708	6.70
89759	6.10
89764	6.00
89772	5.60
89794	6.40
89811	6.30
89824	5.40
89857	6.20
89937	5.80
89943	6.70
89974	6.80
90005	7.30
90043	6.30
90074	7.30
90103	6.50
90113	6.40
90118	5.40
90124	6.40
90160	5.80
90200	6.20
90237	6.00
90241	6.70
90264	5.50
90364	6.60
90373	6.40
90413	4.20
90429	6.00
90480	6.30
90491	6.20
90538	5.10
90550	6.60
90590	6.80
90674	7.70
90708	6.50
90756	5.10
90788	7.60
90800	6.50
90828	6.70
90857	6.90
90916	6.20
90917	5.50
90924	6.50
90937	6.40
90946	7.30
90948	6.20
90994	6.30
90998	6.40
91075	6.10
91115	6.50
91137	6.20
91145	5.00
91167	8.20
91189	6.40
91197	6.10
91258	6.10
91291	7.20
91336	6.60
91353	6.70
91370	6.20
91416	5.90
91439	5.90
91445	6.70
91503	6.60
91668	5.00
91725	6.20
91756	6.30
91800	6.50
91806	6.50
91857	7.10
91929	5.80
91951	6.90
91977	6.20
91986	7.40
92010	6.60
92066	7.40
92076	5.50
92096	6.60
92102	6.80
92133	4.80
92141	6.50
92175	7.20
92176	7.60
92186	6.20
92191	6.60
92221	5.40
92231	6.60
92235	6.90
92257	7.30
92269	7.60
92277	7.40
92305	6.50
92320	7.00
92343	6.80
92366	6.40
92372	6.60
92374	7.20
92431	5.80
92462	7.40
92491	7.40
92511	6.70
92517	6.90
92519	6.00
92608	6.10
92620	5.80
92687	5.60
92711	7.00
92722	5.10
92738	5.80
92743	7.50
92793	6.80
92802	6.50
92826	6.50
92865	6.60
92904	6.60
92952	7.80
92958	6.80
92961	7.20
92964	8.10
93006	7.10
93128	6.70
93136	6.90
93171	6.10
93201	6.70
93216	6.30
93218	6.80
93268	7.30
93281	6.60
93311	7.20
93314	7.20
93363	6.70
93476	6.50
93512	7.90
93518	7.40
93522	7.20
93525	5.50
93529	6.90
93591	5.20
93649	5.10
93651	6.80
93652	5.50
93685	6.50
93690	7.10
93719	6.50
93731	6.90
93745	6.80
93752	6.90
93787	6.50
93794	7.40
93813	6.60
93831	7.10
93866	6.90
93873	7.40
93921	7.20
93926	7.10
93951	7.10
93964	6.20
93986	7.40
94058	6.00
94077	5.60
94079	6.80
94085	7.00
94095	7.80
94109	6.90
94113	6.80
94130	7.30
94185	8.10
94192	7.50
94216	7.40
94232	7.40
94272	6.60
94278	7.40
94292	6.50
94321	7.00
94350	7.30
94368	5.70
94396	7.50
94428	7.10
94434	7.50
94470	8.60
94480	7.50
94483	7.40
94503	7.20
94527	7.70
94530	6.30
94588	6.80
94594	6.60
94622	6.70
94655	7.00
94791	7.00
94824	7.00
94831	8.40
94895	8.30
94930	8.20
94934	6.90
94949	7.20
94959	8.60
94970	9.00
94976	7.80
94980	6.60
95039	7.20
95057	6.90
95080	7.50
95098	7.70
95144	7.30
95159	7.20
95179	7.40
95202	8.60
95238	7.90
95245	6.70
95261	7.70
95299	7.10
95346	7.50
95374	7.70
95377	7.40
95407	7.80
95466	6.80
95484	5.10
95510	6.90
95515	7.70
95521	7.40
95569	7.50
95573	5.10
95604	7.20
95647	7.10
95721	7.80
95725	7.70
95761	7.50
95776	7.00
95783	8.00
95801	7.40
95812	7.50
95853	8.20
95921	6.30
95943	7.60
95959	7.70
96026	7.20
96051	7.20
96058	7.30
96060	7.20
96080	7.50
96158	7.00
96175	6.80
96223	6.80
96234	7.00
96248	7.40
96401	6.80
96410	7.20
96415	7.10
96448	6.50
96463	8.50
96477	6.90
96501	7.50
96536	8.20
96580	6.80
96586	6.20
96600	6.40
96605	6.10
96617	7.00
96631	7.30
96671	8.20
96681	5.60
96749	8.10
96787	9.70
96810	8.00
96882	8.20
96892	8.50
96945	7.90
96986	8.00
96990	6.90
97018	7.80
97071	7.80
97088	8.00
97089	7.30
97090	6.90
97097	7.60
97161	8.90
97165	7.90
97172	8.00
97177	7.90
97182	7.80
97222	7.60
97229	7.20
97233	7.80
97234	7.30
97277	7.30
97279	8.00
97283	7.10
97342	8.60
97367	6.90
97371	7.60
97372	7.20
97418	8.70
97424	8.50
97453	7.50
97506	7.50
97533	7.60
97582	9.40
97584	8.20
97648	8.00
97702	6.70
97729	7.30
97765	8.20
97796	9.50
97801	7.80
97805	7.20
97810	5.70
97815	8.50
97819	7.60
97831	7.70
97832	8.40
97847	7.50
97865	9.20
97879	8.30
97927	8.70
97947	8.40
97963	8.00
98046	7.90
98056	7.30
98106	8.80
98109	7.40
98153	7.90
98161	8.10
98165	8.80
98170	7.60
98180	9.50
98200	7.20
98208	8.30
98226	6.00
98236	7.60
98245	7.80
98250	7.20
98288	7.10
98310	7.40
98422	7.80
98465	7.70
98490	8.20
98493	8.50
98504	7.70
98531	7.90
98561	7.40
98572	7.60
98600	7.90
98649	7.60
98677	9.40
98718	8.30
98762	7.70
98812	7.50
98814	8.50
98834	8.00
98852	6.90
98854	7.10
98856	8.60
98889	8.80
98941	8.60
98994	9.80
98997	7.60
99000	8.00
99035	8.40
99038	6.80
99043	9.60
99060	8.20
99084	8.40
99099	7.80
99100	8.30
99117	7.90
99125	8.20
99136	7.60
99153	7.00
99174	7.90
99202	7.20
99209	8.50
99289	8.90
99291	7.50
99301	8.40
99305	8.00
99335	8.70
99368	7.90
99424	8.60
99444	8.30
99463	7.60
99499	8.30
99516	8.10
99525	8.70
99622	8.20
99623	9.40
99628	8.40
99638	8.40
99656	7.40
99705	9.00
99713	8.10
99773	8.00
99791	8.70
99833	8.10
99843	8.10
99861	6.30
99873	8.00
99879	8.00
99925	8.00
99932	8.40
99939	8.20
99984	8.30
100012	8.40
100061	8.20
100140	7.70
100151	8.00
100157	8.00
100185	7.90
100189	7.60
100213	8.60
100251	6.40
100254	8.30
100263	9.50
100294	7.10
100296	7.20
100311	10.00
100354	8.40
100396	8.40
100408	8.30
100451	8.30
100478	7.70
100495	7.90
100517	8.40
100532	8.40
100563	8.50
100566	7.60
100570	7.80
100579	7.20
100702	7.80
100703	8.30
100710	8.00
100716	6.60
100733	9.00
100757	8.40
100799	8.70
100836	8.90
100859	8.10
100900	8.70
100948	7.90
100957	8.50
101004	8.00
101016	8.10
101017	8.40
101021	8.40
101045	8.50
101108	7.90
101123	8.30
101187	8.40
101201	6.80
101217	8.20
101244	9.50
101265	6.90
101309	7.00
101317	8.00
101325	9.60
101337	8.60
101346	9.50
101396	7.80
101473	6.50
101479	8.30
101497	8.00
101519	7.20
101528	9.10
101556	8.30
101570	8.40
101579	9.20
101665	8.20
101719	8.40
101748	8.30
101797	8.20
101845	8.70
101903	8.20
101906	8.60
101929	8.80
101984	8.40
102028	8.50
102039	7.70
102078	6.70
102096	9.30
102104	8.10
102128	8.60
102135	8.10
102149	9.90
102151	6.70
102189	8.40
102226	7.20
102235	9.00
102247	9.20
102314	8.30
102361	8.20
102377	8.70
102420	9.00
102471	8.00
102519	9.80
102521	8.60
102530	8.30
102551	8.40
102702	7.70
102716	7.80
102726	7.90
102752	8.50
102764	8.40
102782	8.40
102830	8.20
102844	8.90
102855	8.60
102903	9.20
102913	8.70
102927	9.50
102938	8.10
102987	8.00
102998	8.60
103019	7.70
103021	9.40
103030	7.00
103032	8.30
103066	7.40
103089	9.10
103114	8.00
103129	8.80
103137	8.70
103171	6.70
103194	8.60
103204	8.80
103205	9.20
103211	8.20
103247	9.00
103250	8.50
103298	8.70
103333	7.90
103370	7.70
103465	8.90
103511	8.00
103600	8.50
103684	8.90
103714	9.10
103715	10.00
103833	8.50
103887	8.70
103926	7.90
103959	10.00
103980	8.80
103995	9.30
104029	9.10
104058	8.70
104152	8.50
104175	8.50
104194	9.40
104249	8.60
104300	9.10
104309	8.80
104322	8.70
104374	8.40
104386	9.00
104389	8.40
104401	8.60
104477	8.80
104493	8.60
104505	8.70
104506	9.10
104519	8.70
104542	8.60
104563	9.30
104607	8.10
104613	8.70
104614	8.90
104652	8.80
104657	9.30
104680	8.80
104689	8.00
104710	9.20
104737	8.50
104745	9.40
104766	8.90
104832	9.60
104863	8.60
104867	8.80
104899	8.90
104908	9.30
104934	8.30
104977	9.70
104995	8.80
105011	8.90
105127	8.70
105160	8.70
105174	8.00
105181	7.40
105255	8.70
105303	8.90
105304	9.60
105309	8.90
105322	8.90
105362	9.00
105369	9.10
105395	8.60
105402	9.30
105460	8.30
105469	8.70
105494	8.10
105500	8.90
105543	8.50
105558	9.60
105600	10.00
105614	9.10
105635	9.00
105658	8.40
105660	9.10
105711	9.20
105765	10.00
105789	8.80
105848	6.90
105857	9.80
105889	9.30
105899	9.50
105904	8.50
105932	8.60
105947	6.70
105950	9.40
105964	9.60
105983	10.00
106002	8.80
106016	9.80
106019	8.80
106025	9.00
106027	8.40
106041	10.00
106047	8.40
106054	8.80
106069	8.70
106079	7.60
106085	8.70
106104	8.80
106164	7.70
106220	7.60
106224	8.40
106292	10.00
106315	9.20
106324	9.00
106329	9.20
106355	10.00
106418	9.00
106437	9.60
106441	7.40
106476	9.20
106567	9.00
106577	9.80
106618	9.40
106622	8.30
106653	10.00
106699	8.80
106718	10.00
106768	9.00
106783	9.10
106788	8.50
106798	8.70
106870	9.00
106872	9.30
106878	8.90
106889	9.00
106926	9.60
106967	7.20
106994	9.60
107011	9.30
107033	9.30
107058	8.40
107138	10.00
107172	9.10
107213	9.90
107237	9.50
107247	8.70
107250	10.00
107280	9.20
107333	9.50
107377	8.60
107385	9.00
107412	9.10
107424	8.80
107506	8.70
107509	9.20
107527	9.10
107574	8.70
107601	9.80
107610	8.30
107618	9.60
107634	9.30
107641	9.40
107656	8.60
107675	8.80
107689	8.40
107715	9.40
107736	7.70
107737	8.80
107746	9.30
107771	9.20
107783	8.80
107789	9.00
107874	7.40
107898	8.30
107937	8.60
107956	9.40
107994	8.90
108007	9.40
108034	8.80
108057	10.00
108082	9.50
108107	8.60
108112	9.90
108136	8.60
108194	9.50
108234	8.80
108261	8.90
108274	8.50
108276	8.90
108325	8.70
108329	8.90
108332	9.90
108340	10.00
108364	8.50
108397	9.00
108401	9.40
108427	9.10
108476	9.30
108484	9.20
108504	7.90
108507	9.40
108517	9.90
108529	9.70
108534	9.90
108568	8.20
108619	9.40
108632	9.10
108662	10.00
108672	9.10
108715	9.30
108763	8.70
108766	9.10
108769	8.40
108802	8.70
108849	8.90
108852	10.00
108854	7.70
108881	9.30
108924	9.40
108926	9.20
108933	8.90
108951	10.00
108964	9.80
109035	8.60
109038	9.70
109050	9.10
109051	8.50
109195	8.90
109203	9.20
109226	8.70
109292	9.60
109329	9.80
109347	8.70
109356	9.00
109358	8.80
109379	9.20
109384	8.80
109396	9.00
109466	7.90
109483	9.70
109484	9.20
109531	9.20
109580	9.70
109597	8.70
109599	10.00
109609	9.40
109645	8.80
109668	9.00
109672	9.40
109709	9.00
109727	7.70
109818	10.00
109873	9.40
109921	9.30
110012	8.30
110050	9.60
110117	10.00
110128	10.00
110135	9.10
110160	8.80
110184	8.40
110260	9.00
110293	10.00
110355	9.50
110434	10.00
110477	9.10
110505	8.90
110523	9.40
110580	10.00
110620	9.00
110654	9.30
110684	9.20
110691	9.40
110745	9.90
110759	8.20
110834	9.40
110837	9.80
110855	9.30
110906	8.70
110931	9.40
110943	9.30
110951	9.40
111021	8.70
111043	9.50
111065	9.50
111070	9.70
111115	8.80
111124	9.50
111144	9.50
111206	9.70
111212	9.80
111311	9.50
111367	9.50
111391	9.30
111414	9.50
111434	8.90
111472	9.60
111482	10.00
111505	9.20
111512	9.50
111516	8.70
111540	8.60
111587	8.30
111595	10.00
111609	9.10
111622	9.90
111663	8.90
111712	9.10
111724	9.80
111780	9.20
111795	9.30
111807	9.90
112029	9.10
112095	9.20
112123	8.30
112181	9.40
112182	9.30
112273	8.30
112275	9.10
112291	9.80
112306	8.80
112377	9.10
112401	9.20
112404	8.90
112417	10.00
112420	10.00
112456	8.00
112479	9.40
112517	9.00
112518	8.90
112644	8.90
112654	9.40
112711	10.00
112749	9.40
112775	9.80
112795	10.00
112813	10.00
112862	9.80
112885	9.60
112886	9.20
112982	10.00
112990	8.30
113018	9.70
113032	8.20
113047	10.00
113052	10.00
113100	9.50
113120	9.20
113138	9.60
113212	9.70
113346	9.60
113353	10.00
113404	9.40
113416	10.00
113436	9.80
113438	9.60
113448	9.60
113514	9.50
113551	9.30
113574	9.70
113581	9.10
113589	9.30
113632	9.60
113684	9.00
113698	9.40
113717	7.50
113736	9.30
113746	9.40
113784	9.90
113804	8.90
113828	8.90
113864	9.30
113868	10.00
113874	7.80
113933	10.00
114081	9.20
114132	10.00
114158	9.60
114182	10.00
114205	10.00
114214	9.80
114254	9.50
114274	9.80
114314	10.00
114316	10.00
114326	9.50
114342	9.30
114405	9.80
114408	9.60
114436	9.40
114440	9.50
114487	10.00
114510	8.30
114547	10.00
114555	8.40
114579	8.30
114590	9.20
114630	9.60
114636	8.20
114662	9.50
114700	9.20
114708	9.30
114711	8.80
114719	9.10
114760	9.50
114776	8.80
114791	9.30
114812	9.60
114861	8.30
114894	9.70
114921	9.90
114936	9.80
114969	9.40
115031	9.70
115050	10.00
115084	9.40
115178	9.80
115188	9.90
115194	9.30
115226	10.00
115235	8.90
115253	8.30
115271	9.40
115310	9.70
115335	9.70
115349	10.00
115368	9.60
115381	9.50
115427	9.00
115441	9.50
115514	9.70
115544	10.00
115548	9.10
115563	9.30
115582	9.20
115588	9.30
115627	9.40
115672	9.60
115692	8.10
115699	9.70
115729	9.50
115738	9.50
115767	9.60
115782	8.60
115783	9.10
115785	9.60
115864	10.00
115865	9.90
115899	9.60
115914	9.20
115923	9.80
115961	8.40
116029	9.50
116035	10.00
116044	9.90
116056	9.90
116106	9.50
116128	9.10
116155	8.40
116156	9.30
116158	8.80
116166	9.40
116191	10.00
116237	9.20
116247	10.00
116256	10.00
116258	10.00
116267	9.30
116414	8.60
116464	9.00
116472	8.90
116494	9.50
116501	10.00
116508	9.20
116515	9.30
116518	8.00
116526	9.40
116597	10.00
116604	9.60
116610	9.30
116616	9.40
116644	9.20
116737	8.80
116742	9.20
116758	10.00
116788	9.90
116801	8.40
116816	9.30
116843	9.10
116879	9.50
116881	9.50
116886	9.80
116893	10.00
116951	10.00
116966	8.90
116985	9.30
117028	9.40
117058	10.00
117071	9.70
117086	10.00
117158	9.30
117169	9.60
117184	9.70
117191	9.90
117206	9.10
117227	9.50
117239	8.70
117303	9.00
117323	9.50
117350	9.50
117376	9.20
117385	9.90
117393	10.00
117421	9.00
117442	10.00
117469	8.90
117478	8.20
117499	9.50
117521	9.90
117528	8.90
117536	9.40
117561	9.30
117569	9.20
117571	10.00
117617	8.80
117656	9.30
117674	9.10
117710	9.40
117729	8.80
117758	9.20
117762	9.50
117765	9.80
117817	9.30
117863	9.20
117872	9.10
117888	8.60
117931	10.00
117935	9.00
117945	9.10
117989	9.50
118007	10.00
118063	9.40
118067	8.60
118116	9.60
118124	9.70
118140	9.10
118148	10.00
118174	9.70
118180	9.70
118216	9.70
118248	9.60
118285	9.80
118288	9.30
118304	8.90
118371	9.70
118388	9.30
118441	8.40
118491	9.10
118534	9.90
118546	9.40
118547	8.80
118633	10.00
118668	9.40
118686	10.00
118690	9.30
118728	9.40
118731	8.20
118780	7.80
118799	9.10
118816	7.60
118835	9.50
118906	9.10
118912	9.20
118964	9.40
118965	9.40
118987	9.00
118993	8.90
118996	9.80
119006	9.40
119008	9.80
119033	10.00
119039	9.60
119063	9.60
119102	10.00
119107	9.10
119110	9.20
119111	9.40
119115	10.00
119158	8.90
119168	9.80
119192	9.30
119202	10.00
119233	9.40
119252	7.60
119270	9.00
119340	9.40
119362	9.60
119365	9.30
119387	8.20
119402	10.00
119414	9.80
119415	9.40
119421	8.50
119512	8.90
119570	7.60
119578	8.90
119602	8.40
119684	9.60
119729	9.30
119738	9.40
119824	9.80
119831	9.60
119872	10.00
119887	8.80
119911	10.00
119929	9.00
119936	8.90
119967	8.30
119973	10.00
119988	9.40
