13	6.80
20	10.00
23	10.00
36	10.00
68	8.90
92	10.00
107	9.00
125	2.30
153	8.80
186	10.00
236	10.00
245	8.00
267	7.40
273	2.40
281	8.80
288	9.00
318	8.80
321	7.10
327	8.80
346	7.20
433	10.00
439	10.00
462	8.20
472	7.30
477	10.00
495	9.80
509	10.00
595	1.90
599	8.60
611	7.50
656	4.70
660	10.00
683	9.10
688	8.60
726	8.40
773	8.80
821	9.10
857	7.00
905	7.70
934	10.00
962	8.10
976	2.20
1096	8.00
1134	6.00
1168	3.60
1175	5.90
1196	2.80
1200	7.90
1215	10.00
1246	1.10
1251	10.00
1359	5.90
1369	10.00
1401	8.70
1432	10.00
1436	0.50
1450	9.90
1470	10.00
1511	10.00
1546	9.40
1568	10.00
1589	8.30
1604	1.90
1616	7.10
1649	5.20
1695	10.00
1704	8.50
1711	9.30
1732	8.20
1755	7.20
1765	7.10
1767	10.00
1808	8.10
1875	5.80
1896	3.50
1915	6.40
1967	2.50
1968	9.90
1982	2.00
1988	3.60
2007	9.50
2009	7.60
2022	7.40
2050	6.80
2173	3.70
2174	8.10
2175	2.70
2241	8.90
2388	10.00
2416	5.80
2421	2.40
2423	8.20
2459	10.00
2489	7.40
2515	7.10
2534	7.50
2538	6.50
2546	5.70
2574	7.90
2588	10.00
2636	6.30
2687	8.80
2688	8.90
2697	7.60
2730	7.80
2777	10.00
2797	10.00
2839	4.50
2849	9.00
2875	9.10
2881	8.20
2882	9.00
2888	8.20
2893	8.80
2896	5.40
2900	9.90
2926	9.60
2933	8.80
2948	6.40
2964	10.00
2968	7.20
2987	9.40
3076	8.50
3094	7.60
3111	8.80
3132	6.60
3177	7.80
3202	8.30
3231	8.70
3239	6.90
3249	9.20
3265	7.20
3369	10.00
3385	8.40
3456	8.30
3460	7.20
3472	9.90
3499	6.70
3505	8.50
3510	8.20
3516	3.50
3525	7.30
3580	8.10
3584	10.00
3589	10.00
3593	4.10
3674	9.40
3714	9.20
3716	10.00
3763	7.20
3774	7.50
3792	2.60
3795	8.90
3815	3.80
3851	9.00
3862	6.90
3868	7.80
3916	6.60
3949	10.00
3987	3.70
4012	4.70
4055	8.00
4103	7.60
4125	8.50
4153	8.30
4158	9.70
4166	9.00
4176	7.70
4189	8.40
4311	10.00
4314	8.40
4395	10.00
4417	6.70
4453	7.30
4473	10.00
4489	9.30
4491	8.00
4498	10.00
4500	5.40
4560	6.20
4566	4.00
4567	8.70
4603	10.00
4656	8.10
4759	7.40
4769	8.50
4774	8.10
4818	10.00
4824	10.00
4871	10.00
4876	10.00
4905	8.10
4939	10.00
4991	8.80
4994	8.90
5004	4.60
5034	7.70
5041	7.20
5045	0.00
5121	10.00
5141	7.40
5175	4.20
5196	7.90
5214	2.00
5216	8.90
5277	10.00
5303	8.00
5306	10.00
5355	8.60
5396	10.00
5425	10.00
5483	10.00
5486	8.10
5517	9.50
5518	6.90
5540	8.40
5568	8.40
5569	10.00
5589	4.70
5640	7.40
5644	5.30
5695	8.80
5758	10.00
5773	8.00
5783	6.30
5813	5.60
5864	9.00
5876	9.70
5879	3.80
5909	7.90
5910	9.50
5998	10.00
6013	6.70
6029	9.60
6109	10.00
6134	8.20
6171	7.40
6173	7.60
6175	7.80
6233	9.60
6241	5.90
6245	9.40
6281	9.90
6313	7.50
6383	10.00
6425	10.00
6435	10.00
6461	8.80
6474	6.60
6479	0.50
6482	9.70
6504	10.00
6516	10.00
6523	7.00
6532	9.20
6616	9.80
6640	10.00
6664	6.80
6666	10.00
6675	5.90
6677	8.10
6777	9.10
6803	7.50
6814	9.30
6827	5.10
6879	6.20
6896	9.90
6909	9.40
6919	1.70
6922	4.70
6960	7.50
6971	8.00
6977	8.30
6997	9.60
7006	0.00
7036	8.20
7037	6.80
7049	1.60
7055	6.60
7086	7.20
7116	6.20
7129	10.00
7188	7.30
7269	10.00
7279	6.50
7282	9.30
7285	9.60
7286	9.30
7290	5.10
7306	8.80
7309	10.00
7311	10.00
7413	5.10
7426	2.70
7431	10.00
7434	7.10
7443	6.60
7458	10.00
7476	10.00
7480	7.60
7559	8.50
7574	4.20
7583	7.00
7596	8.80
7638	7.20
7687	10.00
7705	10.00
7709	8.00
7724	6.90
7764	7.70
7785	10.00
7814	10.00
7825	7.10
7874	7.70
7923	7.60
7961	9.60
7962	7.40
8057	6.90
8079	7.70
8082	8.00
8084	7.40
8124	8.20
8155	8.30
8163	9.10
8197	5.90
8220	10.00
8235	9.50
8258	8.40
8294	6.40
8367	9.50
8369	7.80
8416	10.00
8419	7.80
8473	8.00
8499	8.00
8503	6.50
8522	2.70
8539	7.10
8600	7.40
8612	10.00
8623	7.30
8636	6.30
8677	10.00
8679	8.00
8697	6.90
8701	7.20
8730	10.00
8757	6.20
8767	6.30
8775	7.40
8796	7.90
8812	8.00
8814	6.20
8818	7.50
8845	6.60
8885	6.80
8892	0.90
8894	7.60
8898	10.00
8940	8.90
8954	7.40
8961	7.70
8972	10.00
9011	6.20
9019	8.10
9027	3.60
9053	3.40
9074	4.80
9076	7.50
9077	0.70
9109	9.80
9162	5.70
9181	9.50
9182	6.50
9431	6.30
9436	0.80
9454	9.70
9556	4.70
9575	9.10
9583	8.30
9625	8.90
9664	4.60
9681	7.80
9682	6.10
9719	9.80
9760	8.40
9780	10.00
9821	10.00
9861	2.80
9883	5.40
9895	4.10
9902	5.90
9936	5.60
9994	9.80
10028	2.50
10052	6.90
10056	7.70
10058	10.00
10082	4.90
10090	10.00
10119	6.30
10204	7.00
10209	10.00
10210	8.40
10256	7.90
10262	7.00
10299	9.10
10305	6.30
10337	6.90
10345	5.60
10369	5.50
10382	10.00
10424	7.10
10466	10.00
10472	4.30
10486	10.00
10509	6.30
10512	7.00
10522	0.30
10524	7.10
10525	7.80
10528	9.40
10573	1.70
10576	6.20
10582	6.00
10611	6.80
10636	6.90
10659	4.90
10667	9.40
10672	4.10
10689	10.00
10749	10.00
10765	9.70
10773	10.00
10809	5.90
10868	6.40
10902	5.20
10906	7.90
10959	3.80
10978	6.30
10983	6.90
11027	3.30
11036	7.20
11053	10.00
11061	5.20
11094	5.90
11097	7.30
11119	4.50
11225	7.60
11285	6.70
11291	6.70
11308	6.70
11354	6.70
11385	7.20
11419	7.30
11440	8.50
11458	7.70
11490	8.20
11530	3.80
11602	8.80
11658	3.70
11683	8.10
11702	5.00
11723	4.90
11725	6.10
11795	7.70
11853	1.60
12013	8.30
12025	7.60
12028	10.00
12043	7.60
12052	5.30
12071	8.10
12094	7.00
12103	5.30
12135	3.10
12168	7.20
12244	5.50
12249	5.80
12310	7.10
12336	6.80
12343	4.90
12353	10.00
12367	6.60
12375	2.90
12501	10.00
12503	9.70
12532	10.00
12583	6.40
12619	5.50
12687	4.50
12709	4.60
12714	10.00
12762	8.80
12768	7.20
12872	4.30
12887	7.10
12967	8.00
12987	6.20
13040	4.50
13046	9.50
13078	7.40
13101	4.00
13161	5.90
13209	5.70
13240	5.90
13263	8.40
13425	9.70
13441	8.00
13484	2.60
13553	7.10
13741	6.50
13768	6.70
13784	8.60
13788	9.10
13816	7.20
13865	5.70
13878	3.20
13883	7.80
13919	2.90
13937	3.80
13954	7.70
13997	8.00
14012	10.00
14033	7.20
14038	7.70
14079	6.40
14086	6.70
14100	3.00
14133	7.10
14175	7.50
14244	7.50
14280	6.50
14302	10.00
14329	8.20
14339	6.80
14340	5.20
14349	5.60
14401	8.40
14437	9.40
14444	6.60
14463	5.90
14471	6.90
14511	10.00
14536	6.50
14541	5.90
14548	8.30
14628	1.90
14676	10.00
14722	0.00
14732	4.30
14736	10.00
14744	1.20
14750	6.30
14767	8.60
14809	8.50
14815	7.80
14826	7.10
14877	8.20
14883	9.00
14894	2.30
14942	7.60
14947	8.00
14950	7.50
14972	7.90
15015	5.60
15031	6.70
15033	5.70
15045	6.60
15103	9.40
15116	8.40
15151	7.90
15175	3.50
15179	4.80
15229	5.70
15237	7.00
15299	7.00
15326	3.20
15352	0.40
15400	4.50
15409	1.90
15453	6.50
15483	9.10
15539	5.60
15540	6.70
15679	7.70
15700	10.00
15771	6.40
15795	10.00
15797	2.60
15833	8.10
15852	5.70
15871	5.10
15873	4.60
15909	10.00
15917	3.90
15918	4.50
15920	5.70
15930	5.20
15933	6.50
15937	5.40
16034	7.80
16056	4.60
16094	6.40
16103	7.70
16199	6.20
16247	10.00
16258	6.60
16282	6.60
16327	4.70
16346	8.10
16398	4.00
16408	5.10
16414	7.80
16433	5.90
16445	5.40
16459	7.30
16480	4.70
16487	5.60
16492	1.90
16540	8.00
16574	0.00
16606	6.40
16614	7.40
16638	6.30
16639	3.90
16653	5.30
16674	5.70
16691	7.00
16712	5.20
16775	6.10
16808	10.00
16926	7.20
16989	5.90
17013	8.60
17098	7.30
17147	4.50
17162	5.00
17163	6.90
17168	2.50
17179	5.30
17186	6.00
17209	7.60
17278	7.10
17342	5.70
17353	6.00
17383	3.30
17444	6.00
17460	10.00
17477	8.60
17480	5.80
17481	5.60
17497	2.00
17546	5.20
17569	4.40
17593	6.20
17652	5.10
17698	6.20
17712	6.40
17757	9.10
17774	7.90
17783	7.20
17792	6.90
17818	5.10
17844	4.40
17860	6.20
17881	4.40
17902	6.00
17985	7.00
18048	0.00
18100	6.50
18117	6.30
18184	7.00
18186	8.90
18194	6.40
18199	4.40
18243	6.60
18250	6.60
18269	4.20
18286	6.20
18291	3.50
18295	5.40
18319	4.30
18334	3.40
18341	4.70
18372	4.70
18374	8.80
18382	5.90
18390	7.50
18416	6.10
18433	8.30
18437	6.90
18450	0.00
18535	3.50
18539	5.30
18607	7.60
18642	4.70
18675	3.50
18677	6.40
18685	5.30
18704	8.70
18720	6.40
18726	1.40
18760	6.40
18810	2.50
18815	4.00
18850	4.00
18871	5.80
18895	2.70
18897	7.60
18905	2.60
18918	3.40
18944	1.20
18961	4.70
18974	5.50
18986	6.60
18995	2.80
18999	4.30
19002	5.40
19032	6.40
19046	9.70
19075	6.10
19082	6.30
19086	6.00
19095	7.00
19104	1.70
19126	6.10
19201	10.00
19216	2.60
19230	3.40
19324	8.40
19326	5.70
19417	5.40
19430	6.80
19440	9.20
19447	5.20
19487	2.50
19489	5.30
19495	3.80
19511	9.00
19516	4.80
19572	0.50
19637	0.00
19684	5.40
19713	5.40
19729	3.60
19732	6.00
19758	6.10
19762	5.00
19780	5.80
19812	5.40
19814	4.20
19830	2.50
19861	5.30
19871	4.00
19886	1.70
19937	7.20
19944	3.80
19976	4.40
20044	2.70
20105	3.30
20220	6.50
20257	3.80
20265	6.10
20288	6.10
20311	2.70
20332	9.70
20368	2.50
20464	4.90
20475	6.50
20507	5.80
20511	6.60
20538	7.00
20562	8.60
20608	7.10
20730	5.10
20734	6.70
20808	9.60
20830	4.50
20896	3.90
20955	5.10
20960	1.90
20981	4.80
21010	5.20
21035	9.30
21038	6.70
21041	6.90
21120	4.60
21149	2.80
21153	6.10
21249	10.00
21291	5.90
21313	3.90
21352	4.20
21358	5.70
21360	5.60
21382	3.90
21397	4.60
21405	3.90
21432	4.60
21444	1.30
21447	6.70
21453	3.70
21473	7.20
21533	5.80
21617	3.90
21640	5.20
21739	5.70
21755	7.50
21768	4.70
21790	6.20
21839	3.90
21841	3.90
21903	5.00
21935	4.80
22012	4.10
22029	6.30
22043	8.10
22057	0.00
22066	4.70
22082	4.60
22089	9.90
22105	5.70
22109	5.20
22143	5.30
22147	3.60
22204	5.40
22240	1.10
22255	5.80
22340	4.50
22349	6.30
22394	4.90
22405	3.70
22411	4.90
22416	5.00
22430	3.30
22437	4.10
22453	3.80
22496	4.10
22529	8.30
22532	5.10
22535	5.50
22537	5.20
22543	4.80
22581	5.90
22586	10.00
22617	7.20
22624	7.30
22690	6.10
22738	5.10
22751	6.20
22759	2.40
22859	3.70
22863	6.10
22876	5.60
22899	8.50
22926	2.60
23059	7.40
23071	2.50
23072	4.90
23101	10.00
23104	4.50
23110	7.40
23138	6.20
23179	9.60
23202	3.90
23212	5.80
23324	5.20
23406	4.70
23430	10.00
23456	4.30
23531	3.50
23578	0.20
23586	1.70
23604	3.30
23651	4.40
23686	6.90
23695	4.20
23704	5.60
23715	0.00
23734	5.00
23738	3.20
23762	4.70
23765	3.60
23773	5.10
23796	6.00
23797	0.90
23847	1.60
23860	2.30
23904	3.50
23947	4.20
23963	3.90
23992	2.70
24018	5.30
24099	9.10
24154	6.30
24207	9.50
24222	5.00
24234	7.80
24239	4.90
24260	4.90
24282	2.30
24287	4.40
24303	4.60
24331	5.70
24345	3.90
24451	9.90
24471	4.30
24485	5.00
24565	3.30
24580	3.80
24590	4.30
24669	3.80
24678	1.50
24709	5.30
24710	4.70
24741	4.40
24801	1.90
24880	5.20
24881	4.60
24937	5.10
24952	3.90
24962	2.40
24979	3.30
24995	1.20
25060	0.90
25061	1.10
25100	4.20
25102	0.00
25103	1.90
25159	3.80
25167	5.30
25194	4.30
25234	6.10
25242	5.50
25255	3.30
25257	3.90
25285	2.50
25323	0.00
25382	0.10
25384	4.30
25402	4.10
25442	5.10
25517	0.00
25542	5.30
25591	6.60
25621	2.30
25623	4.10
25658	2.20
25688	4.90
25693	3.60
25705	8.70
25728	2.80
25747	3.80
25753	5.20
25774	4.70
25800	4.40
25827	9.10
25829	6.00
25841	3.40
25845	1.80
25861	3.30
25870	4.10
25910	0.50
25916	9.60
25925	5.30
25926	5.70
25934	9.50
26008	3.60
26014	2.50
26037	5.70
26094	4.00
26113	5.30
26149	5.00
26185	8.10
26191	0.00
26208	3.00
26238	2.40
26253	3.40
26256	4.20
26271	5.10
26294	4.20
26303	3.20
26324	3.40
26354	8.50
26366	8.60
26378	3.10
26395	5.20
26397	3.30
26453	7.00
26461	3.70
26503	4.30
26541	5.60
26572	0.00
26654	3.80
26655	3.80
26656	2.80
26664	4.50
26667	8.00
26685	4.60
26698	7.70
26784	3.60
26786	3.80
26787	3.30
26789	2.00
26811	3.20
26816	0.00
26847	4.50
26852	0.00
26874	3.30
26894	3.30
26895	3.50
26905	5.00
26912	0.60
26931	4.60
26946	7.50
27002	4.80
27022	2.30
27091	3.00
27092	0.00
27126	5.50
27138	5.80
27157	2.90
27177	1.40
27221	0.60
27226	3.40
27275	5.00
27295	4.60
27297	4.30
27317	5.10
27320	4.40
27328	1.40
27353	4.10
27377	3.90
27393	3.10
27400	4.40
27424	2.90
27452	5.70
27455	8.00
27458	5.50
27564	1.10
27567	1.20
27570	8.70
27600	5.00
27661	1.80
27699	7.10
27737	0.00
27749	6.80
27760	2.10
27787	0.00
27791	3.60
27833	3.50
27847	4.00
27848	2.90
27857	6.70
27868	5.60
27990	2.70
28032	3.80
28040	6.20
28076	8.60
28130	0.00
28138	6.20
28144	2.10
28145	4.20
28165	0.00
28179	4.00
28192	3.00
28227	4.30
28273	3.70
28288	3.50
28289	0.80
28300	5.10
28310	3.50
28324	2.80
28328	5.10
28359	5.40
28385	4.90
28420	1.20
28443	5.00
28477	1.00
28482	1.80
28486	5.90
28494	2.50
28518	3.10
28525	2.20
28566	3.00
28574	4.30
28577	2.60
28578	3.50
28596	3.50
28600	5.10
28602	1.70
28607	2.00
28612	4.00
28624	4.90
28637	3.00
28662	2.80
28709	4.70
28748	4.30
28790	7.50
28810	2.90
28813	3.70
28815	4.30
28823	3.90
28837	3.50
28850	8.20
28852	3.00
28899	0.00
28942	4.40
28949	2.10
28968	3.40
28971	2.40
28977	4.00
29036	0.70
29077	3.30
29115	4.20
29134	2.30
29154	2.40
29195	3.30
29217	3.90
29271	3.00
29315	3.60
29355	1.40
29366	3.20
29388	0.00
29453	2.00
29473	0.40
29476	2.50
29610	5.00
29637	3.10
29665	4.70
29684	0.00
29688	2.50
29737	5.50
29777	4.70
29817	7.40
29828	1.70
29939	4.20
29945	4.90
29957	9.60
29969	7.80
29992	3.40
30070	5.60
30091	8.60
30104	3.60
30114	4.70
30150	0.00
30179	2.40
30197	2.90
30209	2.50
30213	2.60
30297	0.00
30326	0.00
30375	2.70
30412	4.40
30426	1.30
30439	2.50
30454	7.30
30468	1.30
30486	4.30
30495	3.10
30499	0.00
30542	1.10
30546	0.00
30600	0.00
30617	0.00
30628	2.00
30643	2.60
30650	1.90
30675	4.90
30715	0.00
30768	2.50
30798	4.30
30844	2.50
30893	3.60
30896	3.20
30915	3.00
30931	1.80
30989	8.30
31001	2.40
31005	4.00
31007	1.10
31009	0.00
31019	3.70
31024	5.30
31033	0.60
31046	4.10
31050	8.60
31061	0.00
31086	2.10
31094	0.00
31153	9.90
31158	4.20
31165	3.40
31212	3.20
31214	5.90
31227	2.30
31230	3.40
31253	7.60
31293	1.90
31408	2.90
31429	8.70
31435	2.90
31456	0.70
31466	0.00
31470	3.50
31486	8.90
31490	4.00
31492	2.70
31572	2.40
31578	5.50
31608	4.00
31674	3.20
31709	3.20
31768	1.30
31799	0.00
31832	6.80
31838	3.50
31839	2.60
31874	2.20
31891	2.80
31903	2.90
31920	1.90
31929	2.60
31953	3.60
31955	3.60
31963	6.50
32008	8.90
32012	2.80
32030	0.90
32031	2.20
32071	1.50
32162	2.50
32170	0.60
32206	0.00
32246	0.00
32264	6.90
32268	0.00
32271	4.50
32278	0.70
32279	0.20
32280	5.90
32335	2.30
32396	2.70
32437	3.10
32466	5.60
32480	3.40
32558	1.80
32577	4.40
32603	1.60
32608	1.90
32629	2.40
32722	2.40
32750	3.00
32756	1.30
32769	4.40
32791	2.10
32813	0.00
32838	3.60
32882	1.40
32895	2.90
32955	1.90
32971	4.30
33045	0.80
33088	1.20
33137	2.90
33179	2.70
33230	2.50
33297	3.40
33330	2.60
33348	0.00
33361	3.00
33434	3.00
33446	4.40
33522	2.90
33549	4.10
33552	4.30
33638	3.80
33657	6.10
33658	1.20
33677	7.40
33678	3.40
33705	9.20
33724	3.50
33730	2.10
33731	1.70
33733	3.00
33763	3.40
33764	2.20
33777	2.40
33802	1.80
33829	0.00
33865	0.00
33877	3.30
33885	1.30
33947	2.10
33987	0.00
34004	1.10
34005	1.30
34028	3.20
34042	0.00
34046	0.00
34058	1.60
34074	0.00
34098	1.90
34123	0.50
34139	9.20
34236	8.60
34342	4.20
34403	2.60
34424	1.30
34427	3.40
34480	1.50
34499	2.30
34511	0.50
34528	2.30
34531	1.50
34580	1.80
34581	2.50
34668	2.10
34685	3.30
34724	4.30
34738	0.10
34747	3.00
34776	2.60
34805	2.40
34824	2.10
34834	2.50
34845	1.00
34850	1.40
34881	3.10
34886	0.20
34910	0.00
34936	6.10
34937	0.90
34968	0.00
34991	2.60
34994	5.20
35016	2.60
35072	1.50
35075	4.10
35109	5.30
35114	2.80
35185	0.00
35198	3.50
35262	1.30
35309	1.70
35319	1.40
35321	1.50
35324	1.20
35346	1.10
35369	0.00
35375	10.00
35377	3.10
35389	9.70
35394	2.10
35413	1.20
35438	4.60
35459	2.40
35467	2.20
35480	4.10
35485	2.80
35491	2.20
35494	1.00
35530	2.40
35537	1.30
35551	4.60
35566	4.30
35592	10.00
35603	1.90
35647	5.80
35653	0.40
35679	1.60
35722	1.30
35792	0.00
35850	1.20
35895	9.30
35898	2.70
35966	0.00
35995	0.00
36014	3.50
36022	2.80
36078	0.00
36098	0.70
36169	9.20
36213	0.10
36221	2.30
36267	1.30
36280	0.00
36312	4.70
36342	2.10
36401	4.90
36412	0.00
36416	0.00
36450	3.30
36455	9.70
36508	1.80
36545	0.60
36554	0.00
36573	3.10
36650	2.00
36677	0.30
36680	1.80
36683	0.60
36750	2.80
36786	1.60
36813	1.20
36832	1.90
36841	1.40
36882	2.60
36888	5.40
36906	2.00
36909	0.80
36937	1.00
36966	2.50
36994	2.30
37005	2.50
37127	2.10
37133	7.90
37136	1.70
37146	2.40
37168	0.00
37204	3.60
37206	6.50
37276	0.30
37279	0.00
37292	3.70
37298	0.00
37355	3.90
37371	2.10
37397	0.70
37426	0.00
37430	3.10
37441	0.30
37450	3.10
37455	2.50
37471	0.00
37481	3.50
37487	1.30
37492	4.50
37498	0.00
37506	1.30
37514	6.20
37542	1.30
37580	0.00
37610	1.10
37619	1.90
37639	4.10
37650	0.80
37683	1.70
37689	0.00
37715	2.10
37717	2.40
37749	2.00
37786	0.00
37860	0.80
37864	0.50
37865	1.10
37867	2.50
37889	2.00
37894	1.40
37927	1.30
37990	2.30
38021	2.10
38031	2.50
38050	1.60
38061	1.30
38066	4.30
38086	0.90
38093	2.00
38118	0.50
38126	2.50
38136	0.90
38139	5.00
38161	2.30
38168	7.00
38206	0.70
38209	7.00
38211	9.10
38214	1.40
38254	0.10
38349	5.00
38358	1.10
38386	1.30
38440	1.10
38443	2.60
38447	3.00
38532	0.90
38560	0.80
38614	2.80
38616	2.50
38656	2.50
38665	0.00
38689	3.20
38718	2.30
38719	2.10
38767	0.00
38815	2.90
38821	0.00
38823	1.20
38843	2.30
38897	6.50
38907	0.20
38911	3.00
38966	1.40
39007	0.00
39041	0.60
39083	0.00
39117	2.80
39120	0.60
39129	3.00
39165	1.20
39202	0.00
39230	0.00
39276	8.10
39340	0.50
39347	2.50
39402	1.90
39439	1.00
39454	3.50
39456	3.20
39505	4.70
39514	8.30
39515	2.10
39552	2.30
39583	0.00
39596	0.40
39597	3.50
39601	0.00
39604	2.70
39635	0.40
39703	0.00
39705	1.60
39731	0.00
39850	4.90
39856	0.00
39883	2.50
39930	1.20
39933	8.10
39943	2.10
39947	1.50
39980	6.60
40010	1.40
40028	1.90
40112	0.00
40124	2.50
40239	1.60
40255	0.40
40325	1.80
40329	0.00
40389	0.50
40392	0.00
40423	7.00
40433	1.50
40501	2.40
40524	0.00
40532	5.40
40553	4.10
40558	7.10
40566	2.80
40579	4.10
40598	1.80
40632	0.90
40660	7.30
40698	0.00
40722	7.30
40733	1.20
40761	0.00
40784	2.40
40796	0.00
40817	2.70
40845	1.50
40879	0.90
40918	0.00
40923	0.00
40932	0.10
40945	0.00
41093	3.20
41135	0.00
41194	4.40
41204	0.10
41206	0.00
41246	1.10
41274	1.40
41294	0.70
41318	0.80
41327	1.00
41350	0.00
41409	0.00
41430	1.40
41462	0.00
41464	0.40
41492	0.10
41510	1.60
41530	8.10
41554	1.80
41575	1.80
41619	0.00
41621	1.60
41697	0.80
41703	0.00
41740	4.10
41767	1.00
41785	6.70
41789	0.90
41863	0.00
41888	6.40
41930	0.70
41980	3.10
42037	1.80
42070	0.60
42096	1.40
42099	0.00
42119	0.00
42196	9.00
42214	0.60
42235	0.40
42255	1.40
42273	1.10
42296	0.20
42345	0.60
42457	0.80
42467	1.70
42476	0.40
42478	0.20
42485	1.30
42524	8.30
42537	9.30
42567	1.30
42580	2.30
42630	3.00
42650	0.00
42675	1.50
42680	0.00
42695	0.00
42702	3.10
42771	1.30
42822	0.60
42829	0.00
42835	2.10
42869	0.60
42885	1.00
42892	1.80
42910	0.80
42946	0.90
42964	0.50
43015	0.00
43035	0.00
43047	0.90
43081	2.50
43099	3.00
43125	6.60
43160	0.00
43185	2.50
43195	1.00
43205	0.00
43220	3.10
43234	6.60
43242	3.10
43245	0.00
43255	0.00
43304	0.60
43309	0.50
43329	0.50
43341	0.70
43374	0.20
43381	1.80
43382	7.50
43392	1.90
43443	2.00
43505	0.00
43506	0.00
43534	1.00
43553	0.00
43555	0.00
43607	0.30
43609	0.30
43610	0.00
43654	0.00
43660	0.40
43663	4.70
43817	0.00
43855	0.10
43867	1.30
43923	0.10
43930	1.80
43966	0.00
44016	0.00
44058	0.00
44062	0.00
44113	0.00
44117	0.00
44141	4.60
44170	2.60
44190	0.60
44241	1.90
44302	0.00
44312	0.90
44341	0.00
44366	1.10
44380	0.00
44383	4.10
44387	0.00
44389	7.00
44400	2.70
44436	1.50
44459	2.00
44486	0.00
44492	0.40
44519	7.10
44524	0.00
44568	0.00
44629	3.70
44650	0.00
44766	0.00
44784	6.70
44812	0.00
44820	0.00
44823	1.70
44848	0.00
44866	1.70
44911	1.60
44980	1.50
44993	0.20
45011	0.30
45052	0.00
45060	0.00
45100	4.80
45116	2.70
45145	0.10
45152	2.70
45192	0.00
45215	2.70
45218	0.90
45251	0.00
45260	0.00
45273	3.60
45280	0.00
45303	0.20
45348	5.10
45361	1.10
45380	2.30
45422	0.00
45429	2.30
45430	1.00
45431	0.90
45445	2.20
45470	1.00
45484	0.00
45486	6.70
45533	0.20
45536	1.60
45564	1.30
45569	0.00
45573	1.20
45578	0.00
45632	0.00
45678	0.00
45754	0.10
45766	3.10
45815	1.10
45854	0.00
45929	0.10
45953	0.00
45985	2.60
46016	1.40
46022	0.00
46040	0.00
46077	3.60
46112	0.20
46131	1.50
46134	0.80
46149	0.00
46181	4.20
46188	0.00
46212	0.00
46213	8.20
46245	2.20
46302	0.00
46324	0.40
46340	0.60
46353	0.00
46359	1.00
46388	0.00
46498	0.20
46502	0.40
46507	0.80
46530	0.00
46559	0.80
46566	0.00
46590	0.00
46623	0.00
46628	2.40
46632	0.00
46698	3.20
46700	0.00
46764	0.00
46765	1.10
46795	0.00
46833	2.40
46841	1.20
46857	0.00
46885	1.10
46896	0.00
46920	0.00
46955	1.80
46956	0.00
46968	1.20
46974	0.00
46982	1.00
46985	0.00
47044	2.30
47075	1.90
47103	2.00
47104	1.50
47117	0.00
47150	2.30
47162	5.40
47179	5.90
47192	2.50
47245	0.70
47286	0.00
47307	0.00
47360	3.90
47435	0.00
47445	0.00
47457	0.00
47468	1.60
47521	0.00
47549	0.40
47589	1.10
47603	0.00
47711	0.80
47807	0.00
47851	1.60
47863	0.60
47892	1.30
47894	0.30
47918	1.40
47949	0.40
47966	0.00
48038	0.20
48118	0.00
48128	0.00
48136	1.70
48183	0.00
48217	3.20
48220	1.10
48304	0.00
48306	1.60
48312	3.50
48378	1.30
48407	0.20
48446	0.00
48469	0.00
48482	2.10
48518	1.20
48524	0.90
48525	0.90
48552	0.80
48553	2.30
48573	0.50
48582	0.00
48633	0.50
48644	2.00
48657	0.00
48669	3.70
48674	1.20
48683	0.00
48687	0.20
48695	0.80
48736	2.00
48758	0.00
48763	3.30
48830	0.00
48832	0.00
48849	0.00
48867	0.80
48893	1.20
48902	0.70
48915	2.70
48938	3.00
49014	0.30
49049	0.00
49052	0.00
49055	2.70
49067	0.00
49093	0.00
49172	6.90
49177	3.60
49181	0.00
49220	1.90
49238	5.70
49281	4.80
49297	0.00
49307	6.40
49367	1.40
49396	2.00
49436	1.40
49463	0.00
49532	3.00
49535	0.00
49568	0.00
49581	0.00
49588	0.00
49656	0.00
49671	0.00
49692	0.00
49763	0.30
49784	0.50
49819	0.00
49820	0.00
49841	0.00
49861	1.40
49867	0.00
49922	0.40
49928	0.60
49972	0.00
49989	1.10
50000	0.40
50018	6.80
50080	0.10
50141	1.10
50143	0.00
50150	4.80
50167	6.30
50185	1.80
50186	1.50
50258	3.10
50261	0.00
50296	1.60
50302	0.00
50318	0.70
50354	0.00
50392	0.00
50399	0.00
50419	5.40
50463	0.20
50493	0.00
50522	0.00
50564	0.00
50570	0.00
50730	0.00
50731	0.00
50741	1.20
50751	1.30
50752	3.30
50761	4.00
50784	1.30
50791	0.50
50804	0.20
50815	3.30
50841	0.20
50887	1.10
50909	0.00
50923	6.40
50983	0.00
50989	0.00
51002	0.90
51024	4.00
51051	0.00
51113	0.00
51134	1.40
51164	4.70
51170	0.80
51196	0.00
51201	1.40
51220	0.00
51249	0.00
51271	3.10
51276	0.40
51286	0.70
51296	0.00
51305	0.50
51313	2.20
51345	5.40
51354	1.70
51366	1.70
51385	4.20
51394	0.00
51480	0.00
51491	1.60
51498	0.00
51499	0.00
51511	0.30
51552	4.60
51602	0.00
51612	0.00
51618	0.80
51639	0.10
51652	2.80
51720	3.70
51731	6.50
51739	0.00
51778	0.00
51842	4.00
51847	1.40
51888	0.20
51892	0.00
51922	0.00
51941	1.20
51954	0.00
52035	0.00
52041	0.30
52066	0.80
52099	0.00
52112	2.50
52124	0.10
52170	3.10
52171	2.00
52201	0.00
52225	1.30
52226	0.00
52271	8.50
52304	0.60
52339	4.20
52342	1.20
52361	8.40
52367	1.90
52419	0.40
52511	0.00
52517	0.00
52551	0.30
52554	0.00
52565	0.40
52569	1.80
52570	0.00
52588	1.10
52612	0.00
52653	0.90
52682	0.00
52737	0.00
52763	0.00
52803	0.00
52809	0.00
52834	1.00
52839	0.00
52843	0.00
52942	0.00
52962	1.00
52977	7.40
53112	0.00
53114	0.00
53136	1.70
53140	0.00
53144	0.00
53147	2.40
53161	0.70
53163	3.70
53178	0.00
53183	0.90
53203	1.60
53232	0.00
53240	0.00
53275	0.00
53285	0.00
53295	0.00
53366	1.10
53377	4.70
53383	0.10
53388	0.00
53398	0.00
53438	0.00
53457	2.00
53468	0.00
53484	3.30
53526	0.00
53535	0.80
53562	0.90
53643	0.20
53647	2.40
53676	2.50
53698	0.90
53738	0.30
53755	0.00
53761	7.00
53778	0.00
53812	0.30
53817	0.00
53831	1.70
53856	0.00
53866	4.10
53904	0.60
53924	0.90
53941	0.10
53964	7.30
53988	2.20
54006	0.50
54020	0.00
54032	2.90
54043	0.00
54063	0.20
54087	0.50
54132	0.00
54135	3.50
54138	2.00
54141	0.00
54154	2.90
54242	0.10
54254	0.90
54292	0.10
54293	0.00
54312	0.20
54315	0.30
54330	0.00
54349	0.00
54357	4.10
54363	0.60
54405	1.40
54408	0.90
54432	3.50
54452	0.00
54466	0.00
54537	3.50
54541	0.00
54561	0.00
54577	0.20
54596	0.00
54605	0.00
54630	0.00
54633	1.10
54645	1.10
54649	0.20
54654	1.70
54663	0.00
54684	0.00
54694	0.00
54730	0.70
54765	0.00
54772	0.20
54785	1.10
54789	0.40
54808	0.00
54822	0.80
54835	2.20
54840	1.40
54847	0.00
54869	2.30
54879	0.00
54888	1.10
54902	1.50
54942	5.20
54966	0.80
54999	0.00
55006	0.10
55033	0.40
55040	0.00
55049	3.50
55055	0.00
55134	1.10
55137	0.20
55205	0.70
55206	0.00
55215	0.00
55234	0.90
55249	0.20
55307	0.60
55309	0.00
55324	0.00
55328	1.40
55354	0.00
55372	1.90
55428	6.10
55429	0.40
55433	2.40
55459	3.40
55463	5.50
55467	0.00
55472	3.50
55473	6.10
55513	0.00
55544	1.40
55574	0.00
55578	2.50
55624	0.00
55653	0.00
55687	3.30
55693	0.00
55698	0.00
55708	2.30
55710	0.00
55712	2.50
55713	0.00
55766	1.40
55768	0.00
55785	0.40
55828	0.00
55940	0.00
55945	2.10
55958	1.20
55993	0.00
56030	2.60
56063	0.00
56067	6.10
56085	1.70
56118	1.60
56125	0.00
56148	2.00
56149	0.00
56194	1.00
56225	7.60
56242	0.00
56257	2.10
56297	5.50
56318	0.00
56321	2.80
56335	1.40
56339	1.30
56357	0.30
56375	0.00
56377	3.80
56385	6.30
56396	0.00
56414	0.00
56441	2.40
56444	0.80
56504	0.00
56529	3.10
56530	1.80
56599	3.10
56616	0.00
56635	4.40
56652	0.70
56717	0.20
56719	0.00
56754	3.20
56875	4.90
56908	1.80
56922	1.20
56923	0.00
56955	0.00
56988	1.20
57018	0.10
57032	4.60
57068	4.30
57073	3.70
57079	0.00
57141	0.00
57181	0.40
57197	5.90
57246	0.10
57278	0.00
57344	0.00
57368	0.50
57389	1.30
57463	0.50
57486	0.30
57495	0.00
57500	5.30
57523	2.20
57536	0.10
57548	1.80
57571	1.30
57573	0.40
57576	0.00
57616	0.00
57630	3.20
57668	0.00
57700	0.60
57723	0.00
57772	0.00
57779	0.00
57857	0.00
57876	1.50
57880	0.00
57881	3.70
57927	1.90
57933	2.20
57974	0.00
57977	0.00
57982	4.60
57986	2.80
58008	0.20
58014	1.10
58115	0.00
58119	0.00
58161	0.00
58189	0.80
58192	0.80
58196	0.00
58210	6.10
58223	5.80
58260	1.90
58276	0.10
58297	0.00
58298	7.50
58316	2.40
58322	0.80
58380	0.00
58404	0.40
58437	1.20
58438	1.30
58530	0.80
58565	0.00
58581	2.10
58636	0.00
58659	2.60
58694	1.60
58702	0.00
58720	4.60
58832	1.30
58898	1.60
58902	2.60
58915	0.40
58925	5.40
58928	1.00
59030	0.00
59054	0.30
59071	1.40
59089	1.00
59098	3.10
59142	0.00
59158	0.20
59171	0.00
59198	1.30
59201	0.00
59213	0.00
59214	1.40
59230	0.00
59283	0.00
59331	0.00
59337	0.30
59352	1.50
59367	0.00
59393	2.50
59501	2.70
59530	0.00
59555	4.00
59571	2.80
59576	1.10
59603	1.80
59677	0.60
59712	1.10
59720	0.30
59793	0.90
59834	0.00
59838	1.10
59851	0.00
59853	2.60
59877	8.30
59884	0.20
59891	0.00
59936	0.10
59950	0.00
60032	0.00
60043	0.20
60046	0.00
60052	0.60
60094	0.70
60121	2.10
60142	0.00
60157	5.90
60159	0.40
60196	2.50
60272	2.10
60294	0.00
60297	0.00
60304	0.00
60364	2.20
60404	0.70
60477	0.00
60487	1.50
60505	0.00
60509	0.00
60536	2.00
60559	0.00
60573	0.60
60600	1.50
60626	0.00
60656	0.00
60683	1.90
60685	0.90
60706	5.60
60724	0.00
60775	1.50
60780	2.30
60790	5.70
60798	2.90
60834	6.40
60851	0.00
60891	0.00
60897	4.20
60905	2.50
60917	4.00
60925	0.60
60942	1.40
60972	0.00
61034	1.00
61079	0.70
61084	1.00
61127	1.70
61157	0.00
61174	3.30
61205	1.00
61231	0.30
61233	0.10
61354	0.00
61364	7.30
61366	0.80
61371	0.60
61375	4.90
61391	0.00
61437	1.50
61441	3.00
61447	5.00
61468	0.00
61493	8.40
61514	1.90
61516	1.60
61530	4.60
61556	0.00
61578	1.50
61582	1.80
61679	0.00
61690	1.00
61732	1.10
61737	1.20
61766	1.30
61771	0.00
61821	0.00
61824	0.30
61853	0.00
61856	1.30
61860	3.70
61866	0.00
61925	0.00
61937	1.20
61995	0.00
62006	5.50
62008	0.00
62014	1.70
62032	0.80
62097	4.20
62103	0.80
62176	3.10
62184	0.00
62197	1.50
62226	3.30
62263	0.00
62277	0.00
62356	0.10
62373	7.00
62440	1.70
62451	0.00
62463	1.90
62499	0.00
62532	0.30
62577	0.00
62580	0.00
62618	2.40
62641	0.00
62668	1.00
62705	2.70
62752	0.80
62757	3.20
62768	5.20
62847	0.50
62849	1.90
62914	0.00
62926	0.00
62942	2.40
62972	0.00
62992	2.10
63019	3.10
63027	0.00
63040	3.00
63059	0.00
63098	0.00
63106	0.00
63128	0.00
63167	0.00
63189	0.80
63250	0.30
63271	2.30
63293	3.80
63304	2.50
63306	0.70
63310	8.20
63344	1.70
63360	0.70
63408	1.00
63427	0.00
63440	0.40
63447	0.90
63458	1.50
63499	0.00
63507	3.20
63539	3.40
63547	0.00
63570	1.70
63583	1.40
63600	1.10
63607	4.60
63628	2.00
63645	2.80
63673	0.50
63689	1.30
63692	0.00
63838	0.50
63839	5.40
63873	2.10
63890	5.30
63904	0.10
63911	1.20
63915	2.40
63935	2.30
64015	1.30
64017	4.80
64021	0.90
64038	0.00
64041	2.20
64135	3.10
64139	0.70
64202	4.30
64250	0.00
64255	0.00
64260	3.40
64262	1.20
64294	0.40
64314	3.30
64315	0.00
64320	3.10
64349	3.90
64369	0.00
64413	0.30
64467	4.30
64476	1.20
64505	0.00
64524	0.00
64526	1.90
64597	0.10
64611	3.00
64676	2.00
64722	2.20
64737	2.20
64744	0.20
64748	0.70
64784	0.00
64822	0.00
64867	1.30
64887	0.00
64894	0.50
64907	1.50
64920	0.00
64928	5.40
64941	0.20
64946	1.00
64955	0.10
64987	0.50
64988	0.50
64993	2.30
65042	0.30
65142	2.20
65157	0.00
65180	2.00
65190	0.00
65213	3.70
65230	0.00
65243	0.00
65284	0.80
65328	2.50
65334	4.00
65345	0.50
65352	7.50
65355	1.50
65462	3.20
65499	4.80
65506	0.00
65515	0.90
65516	0.00
65521	2.90
65532	0.30
65559	0.10
65627	3.40
65647	2.10
65659	2.80
65664	0.40
65721	0.00
65758	3.20
65774	0.00
65782	2.00
65880	4.60
65930	5.30
65943	4.10
65947	0.40
65954	1.70
65971	0.50
66004	1.10
66009	0.30
66024	3.60
66050	0.90
66119	0.50
66169	1.60
66170	0.00
66184	0.10
66276	0.00
66298	2.70
66378	0.80
66401	0.00
66411	2.40
66419	5.10
66447	9.20
66497	0.00
66515	3.90
66543	0.00
66544	0.00
66552	0.00
66581	7.00
66583	1.50
66593	0.00
66650	0.80
66658	1.10
66690	1.60
66704	7.20
66777	1.00
66806	2.50
66811	5.00
66814	2.40
66849	1.00
66870	1.90
66919	3.30
66931	1.30
66937	0.00
66944	0.00
66968	3.40
66985	0.00
66989	1.80
67006	2.60
67055	1.10
67080	4.10
67084	9.20
67102	9.00
67119	2.80
67194	0.90
67212	1.90
67231	7.70
67260	0.00
67303	0.00
67341	5.20
67365	0.80
67366	1.90
67377	0.00
67392	0.80
67443	4.50
67470	2.60
67506	0.00
67531	1.00
67576	4.00
67606	1.30
67607	3.30
67638	0.50
67643	1.20
67668	1.30
67674	2.20
67687	0.00
67703	0.00
67716	1.30
67721	0.90
67726	1.20
67730	0.00
67785	1.30
67803	1.80
67804	0.50
67862	0.00
67908	1.50
67917	6.00
67928	0.60
67935	1.80
68010	2.70
68040	5.00
68108	1.40
68123	3.40
68130	3.90
68162	1.60
68177	0.90
68196	6.00
68226	1.50
68231	5.10
68287	0.00
68341	2.40
68425	5.40
68450	7.30
68465	8.30
68519	1.00
68547	5.40
68595	5.10
68600	8.90
68607	3.40
68646	3.80
68652	2.30
68745	0.00
68748	0.00
68778	3.70
68836	0.90
68848	2.80
68863	2.50
68885	5.70
68886	0.00
68935	0.20
68981	0.00
69003	2.10
69056	0.00
69106	0.30
69107	2.40
69142	0.40
69161	1.40
69162	1.00
69171	0.00
69180	1.20
69185	6.10
69242	2.10
69249	1.50
69263	3.30
69265	0.60
69271	1.70
69272	0.50
69280	0.00
69290	0.00
69308	1.40
69413	0.60
69415	2.20
69449	1.50
69459	3.90
69516	3.70
69517	3.80
69522	2.50
69523	2.20
69527	0.00
69539	0.00
69572	2.10
69592	3.20
69614	3.00
69627	1.90
69630	3.00
69637	1.10
69657	0.00
69774	3.20
69796	1.20
69836	3.50
69862	0.60
69911	1.70
69940	3.60
69953	0.70
69971	2.40
69989	5.40
70001	0.40
70052	6.70
70061	4.30
70073	0.00
70085	0.40
70112	0.00
70115	5.10
70130	0.00
70161	0.40
70190	1.80
70198	3.80
70208	0.10
70214	2.10
70233	2.50
70254	1.80
70259	0.00
70270	3.80
70306	1.80
70318	2.60
70338	3.20
70347	5.70
70351	5.40
70355	0.70
70356	0.00
70413	1.40
70418	3.20
70433	1.50
70434	2.20
70453	2.50
70455	0.60
70461	0.00
70464	6.10
70508	5.80
70534	3.90
70546	6.50
70615	0.00
70665	4.10
70721	0.90
70738	2.50
70758	3.60
70788	5.00
70796	2.40
70807	4.90
70853	0.00
70881	2.30
70891	2.50
70893	1.00
70898	2.00
70934	3.90
71048	1.40
71051	4.30
71143	5.80
71176	2.50
71201	2.60
71204	7.90
71213	0.00
71240	2.30
71243	8.10
71265	4.20
71267	5.20
71310	2.00
71321	0.50
71340	0.70
71391	0.50
71396	2.90
71403	0.00
71486	2.90
71490	4.90
71493	0.00
71499	0.00
71501	0.00
71528	2.60
71573	2.20
71593	0.00
71672	1.10
71757	3.10
71779	3.60
71800	2.60
71822	1.90
71849	1.00
71866	0.00
71885	0.50
71890	0.00
71902	5.30
71928	1.70
71931	0.90
71939	2.00
71956	2.10
71968	4.20
72017	2.80
72018	2.30
72033	0.20
72035	2.60
72058	2.30
72090	10.00
72184	1.10
72185	3.20
72190	6.30
72191	0.00
72250	1.50
72308	4.00
72370	4.50
72385	0.80
72467	5.40
72508	0.00
72541	2.20
72548	2.40
72604	2.50
72627	4.60
72719	2.10
72739	3.20
72744	3.10
72759	1.40
72793	2.00
72810	3.50
72872	2.90
72877	1.80
72982	9.30
72996	2.20
73001	3.40
73018	2.10
73049	2.50
73101	1.00
73150	3.20
73151	2.50
73158	1.90
73168	0.00
73173	0.30
73200	2.60
73243	3.40
73301	1.80
73349	3.50
73353	0.50
73356	3.50
73384	4.20
73417	3.10
73424	3.00
73459	4.30
73503	1.30
73506	3.00
73546	0.00
73558	1.40
73605	8.40
73629	1.30
73637	2.40
73640	2.70
73671	2.40
73684	0.00
73791	0.00
73838	3.50
73875	1.50
73883	3.10
73890	2.70
73918	2.70
73924	5.20
73929	1.80
73939	4.10
73951	1.20
73976	0.00
73990	2.20
74015	1.90
74019	2.50
74101	3.10
74116	1.20
74123	0.00
74146	2.30
74156	0.80
74182	2.80
74220	3.90
74225	10.00
74277	0.00
74292	1.20
74322	1.60
74324	4.10
74333	3.00
74349	3.20
74377	2.90
74381	4.60
74410	3.60
74452	2.50
74510	4.20
74597	2.30
74616	1.30
74660	1.60
74679	2.70
74712	3.30
74814	3.30
74818	0.20
74825	1.80
74855	2.50
74891	2.10
74929	3.80
74997	2.00
75007	3.20
75041	10.00
75047	3.70
75049	5.10
75074	0.00
75115	2.60
75178	3.30
75190	3.60
75198	2.00
75214	5.40
75271	2.00
75314	4.30
75358	10.00
75431	2.00
75439	2.90
75456	3.10
75471	2.20
75472	1.90
75482	1.60
75493	4.80
75497	3.70
75499	4.00
75524	4.60
75542	8.10
75594	2.70
75600	3.00
75683	0.90
75691	0.80
75698	2.30
75702	3.60
75747	2.80
75809	6.80
75844	6.20
75867	1.00
75901	5.00
75908	2.60
76066	1.90
76192	3.80
76246	0.00
76252	3.40
76258	4.00
76273	0.00
76281	2.40
76305	2.70
76313	1.50
76412	5.20
76470	4.20
76473	0.00
76508	0.00
76529	0.00
76565	5.40
76567	2.90
76631	9.10
76663	3.40
76682	0.00
76703	4.80
76734	6.00
76784	1.70
76825	2.50
76842	3.80
76907	0.50
76913	7.00
76914	2.50
76918	3.40
76924	3.00
76934	9.70
76945	0.00
76950	1.20
76953	5.00
76956	0.00
76972	2.10
77018	3.40
77069	3.90
77142	0.00
77145	2.60
77153	0.20
77176	2.50
77179	1.70
77226	8.90
77229	10.00
77259	3.90
77312	2.80
77327	4.00
77335	3.40
77357	1.90
77382	3.80
77415	3.00
77432	6.20
77494	2.80
77512	6.50
77543	0.90
77558	3.50
77560	3.90
77584	6.70
77590	4.70
77671	2.40
77672	4.40
77673	1.90
77725	5.20
77744	6.50
77757	2.70
77776	2.80
77777	3.00
77779	0.00
77808	3.10
77833	4.50
77838	5.70
77842	6.20
77846	7.40
77854	9.10
77884	4.10
77975	6.00
77984	3.20
78047	4.40
78050	0.00
78068	4.10
78073	3.80
78076	2.90
78082	4.80
78088	3.70
78097	3.90
78106	9.30
78108	10.00
78115	2.20
78116	1.80
78129	3.60
78130	2.70
78157	2.40
78159	1.70
78217	0.00
78256	3.70
78261	1.50
78262	10.00
78277	4.60
78283	0.00
78335	2.60
78359	7.40
78378	3.80
78427	1.50
78503	4.70
78561	4.00
78572	3.00
78621	4.40
78628	2.90
78687	3.70
78689	0.00
78709	6.00
78746	9.40
78755	4.40
78782	4.40
78821	7.40
78844	2.50
78850	3.90
78851	8.80
78895	4.30
78900	3.40
78908	4.70
78916	4.40
78945	1.20
78962	3.90
78975	0.00
78997	4.10
79000	5.00
79033	5.00
79049	5.20
79053	4.70
79084	5.30
79095	3.10
79156	3.90
79174	2.60
79185	1.20
79190	0.00
79193	4.40
79199	0.00
79200	0.00
79286	7.40
79289	3.70
79296	2.20
79304	7.20
79306	3.30
79311	7.90
79312	2.80
79327	5.50
79359	1.80
79391	3.50
79398	6.60
79445	0.00
79450	5.30
79498	4.60
79511	3.30
79512	4.10
79522	4.70
79533	3.80
79579	4.30
79593	4.30
79652	4.50
79656	4.30
79672	1.80
79686	0.00
79700	2.70
79709	4.80
79761	7.00
79769	2.90
79775	4.90
79804	4.40
79828	0.00
79846	7.30
79910	4.90
79954	7.30
79956	5.40
79976	4.50
80094	2.20
80136	2.90
80152	0.60
80168	0.40
80195	5.20
80198	3.50
80250	3.50
80270	5.00
80349	4.50
80362	5.40
80363	3.70
80375	6.00
80376	3.80
80395	5.80
80400	6.30
80416	2.10
80473	5.50
80489	0.00
80497	5.70
80522	3.70
80568	4.40
80579	4.80
80589	3.00
80593	3.10
80606	2.90
80608	7.50
80651	3.40
80653	6.10
80692	4.60
80698	2.90
80778	3.50
80808	4.80
80819	4.00
80824	4.50
80861	5.60
80865	6.60
80894	4.70
80900	3.50
80935	5.90
80961	3.70
80977	4.20
80983	4.60
81031	1.00
81107	4.70
81113	4.10
81133	0.00
81163	0.00
81192	3.10
81243	5.30
81256	7.10
81287	0.00
81304	0.00
81355	3.90
81363	4.70
81391	4.10
81433	1.90
81471	1.10
81487	6.60
81544	3.80
81554	5.70
81574	3.90
81583	2.40
81599	4.80
81604	5.60
81610	4.50
81630	3.30
81662	5.60
81677	5.40
81698	4.20
81703	3.30
81711	0.00
81757	1.00
81777	4.00
81826	6.00
81827	1.00
81834	4.00
81840	4.10
81878	6.20
81967	3.90
81998	4.00
82055	5.10
82095	5.00
82103	2.60
82180	3.90
82246	9.90
82272	5.80
82279	2.70
82319	7.70
82384	3.70
82418	6.80
82466	5.60
82479	3.10
82480	4.30
82484	4.90
82487	0.00
82521	0.10
82530	3.80
82552	3.70
82581	7.40
82623	3.40
82631	2.70
82654	2.70
82674	4.70
82692	4.10
82720	4.70
82751	4.70
82758	5.80
82768	4.80
82792	3.60
82800	6.00
82816	2.90
82829	4.70
82836	6.40
82842	2.90
82857	6.00
82877	3.20
82883	3.20
82894	0.90
82903	5.60
82946	2.90
82948	4.10
82974	6.90
83002	7.30
83107	4.70
83113	7.20
83150	0.00
83182	2.60
83201	10.00
83225	3.50
83269	8.40
83273	5.20
83281	4.50
83295	5.40
83302	4.70
83310	3.40
83326	6.40
83391	5.80
83392	1.10
83405	9.00
83431	4.50
83495	4.70
83575	8.00
83578	1.60
83600	2.70
83607	3.50
83627	7.10
83630	4.00
83632	0.00
83672	4.30
83699	6.20
83746	2.50
83751	5.70
83752	4.50
83786	3.80
83818	0.00
83841	4.20
83866	4.90
83898	4.00
83921	0.60
83930	4.30
83952	4.30
83956	0.00
84008	2.50
84013	9.30
84098	5.40
84111	9.50
84140	5.20
84147	0.00
84171	2.80
84178	9.60
84180	3.90
84185	7.90
84228	5.40
84236	4.00
84279	3.10
84286	8.50
84298	0.00
84326	7.10
84410	3.40
84449	5.20
84498	0.00
84543	4.70
84593	6.60
84598	4.80
84719	9.50
84721	6.00
84732	6.30
84862	10.00
84983	5.30
84986	4.10
85046	6.70
85070	5.20
85095	5.90
85099	1.00
85105	5.60
85118	6.00
85150	3.70
85153	3.40
85163	5.10
85203	3.70
85242	6.40
85252	5.10
85260	10.00
85283	5.40
85289	4.50
85323	0.40
85337	5.70
85345	6.90
85398	7.90
85412	5.40
85454	6.30
85471	3.00
85503	2.30
85552	4.40
85590	4.30
85620	0.00
85621	3.40
85631	7.00
85636	8.50
85654	2.50
85679	7.00
85697	5.20
85712	9.40
85745	9.40
85773	8.60
85777	4.80
85791	7.20
85819	2.60
85828	6.70
85878	0.00
85962	0.80
85975	8.90
86090	9.80
86105	6.30
86160	5.70
86218	6.20
86244	5.40
86254	4.60
86264	5.40
86283	5.90
86285	2.60
86287	5.40
86341	5.30
86349	5.50
86415	5.40
86471	4.60
86473	0.00
86500	10.00
86510	3.60
86535	7.90
86585	4.80
86609	5.30
86680	5.60
86689	3.00
86718	0.60
86758	7.70
86783	6.70
86821	5.20
86884	4.40
86887	5.60
86923	4.60
86930	2.60
86945	6.20
86973	5.00
86975	9.00
86991	5.70
87000	4.50
87074	6.80
87076	7.90
87077	5.50
87083	6.30
87111	5.80
87164	5.30
87195	7.10
87197	5.60
87217	2.10
87232	1.10
87261	5.90
87270	1.70
87288	5.60
87289	9.20
87341	10.00
87356	7.00
87428	4.10
87473	0.10
87490	6.90
87503	5.00
87506	10.00
87514	6.60
87534	6.90
87553	0.00
87565	4.90
87573	6.30
87584	7.40
87601	4.50
87602	4.80
87645	3.20
87683	9.90
87713	5.40
87803	2.80
87809	10.00
87829	6.00
87849	9.60
87850	3.30
87904	1.50
87913	5.40
87932	6.50
87994	5.70
88010	3.70
88026	4.60
88033	5.40
88052	5.80
88073	8.90
88084	7.00
88104	6.10
88137	2.80
88167	4.20
88187	2.70
88209	5.60
88253	3.60
88255	7.40
88276	5.30
88334	3.70
88362	6.40
88385	5.20
88417	6.80
88422	5.80
88442	5.00
88467	6.70
88481	3.10
88503	0.00
88573	6.20
88574	6.00
88619	2.10
88652	5.60
88702	2.30
88729	6.80
88799	5.40
88803	5.10
88833	6.00
88907	9.60
88917	4.70
88959	10.00
88986	10.00
89023	6.20
89043	3.60
89074	4.50
89124	5.90
89161	3.70
89215	4.40
89235	6.30
89236	5.80
89258	6.30
89279	5.70
89311	5.50
89374	6.60
89395	4.60
89429	4.90
89444	7.90
89483	6.60
89485	6.40
89491	5.70
89521	5.10
89554	9.70
89567	0.00
89576	5.40
89579	5.50
89611	7.10
89623	1.80
89647	5.10
89667	5.30
89697	5.60
89704	3.90
89707	10.00
89732	6.40
89809	6.30
89819	7.00
89850	10.00
89863	7.30
89889	6.40
89897	5.80
89903	7.30
89911	8.50
89924	6.90
89930	4.40
89950	3.30
89964	5.80
90011	5.90
90059	2.80
90111	0.80
90136	7.20
90158	3.80
90185	8.50
90210	9.60
90224	7.00
90227	7.70
90329	2.20
90334	1.70
90423	7.30
90431	6.70
90456	5.70
90457	6.60
90482	9.30
90500	5.70
90537	7.80
90641	7.40
90647	3.20
90664	5.40
90668	0.90
90680	5.90
90740	1.60
90742	5.90
90748	3.80
90769	6.90
90816	6.30
90835	5.10
90837	6.40
90845	4.70
90852	4.60
90889	7.40
90980	5.10
91009	9.20
91010	9.10
91011	4.70
91036	10.00
91053	8.20
91061	4.80
91073	4.40
91081	5.90
91119	10.00
91123	6.00
91129	6.80
91139	6.40
91199	5.60
91229	6.70
91269	1.50
91284	7.90
91300	7.10
91309	8.90
91326	8.20
91374	10.00
91394	6.10
91399	7.50
91434	9.30
91501	8.30
91507	8.80
91514	5.80
91519	6.20
91552	10.00
91571	5.60
91587	7.60
91617	5.10
91657	7.70
91685	6.50
91687	2.30
91700	10.00
91718	9.20
91749	8.40
91848	5.30
91865	6.50
91877	7.40
91882	0.00
91920	7.70
91966	8.20
91973	7.80
91984	6.70
91989	6.50
92001	6.40
92071	10.00
92078	7.00
92101	6.70
92103	1.60
92146	8.10
92193	6.80
92199	8.00
92203	7.30
92206	6.50
92233	1.70
92244	7.80
92283	6.40
92299	10.00
92314	6.70
92367	5.60
92400	5.30
92440	7.70
92493	8.50
92503	6.20
92520	3.30
92647	7.50
92677	9.60
92693	8.30
92707	6.20
92716	7.20
92719	4.10
92766	2.80
92770	6.70
92872	6.50
92923	10.00
92937	5.00
92941	6.20
92960	10.00
92978	10.00
92987	10.00
93031	3.90
93094	4.60
93142	5.40
93173	5.30
93197	6.90
93263	6.50
93270	4.80
93284	0.30
93288	4.90
93321	6.00
93366	5.90
93382	10.00
93418	5.10
93466	10.00
93477	9.50
93482	5.90
93485	7.40
93486	7.20
93489	8.00
93548	6.60
93569	9.50
93626	7.10
93630	6.60
93693	3.60
93698	8.00
93705	7.10
93712	7.00
93747	5.70
93761	6.40
93917	3.60
93939	9.20
93942	8.90
93967	8.70
93971	3.80
94004	7.40
94093	6.90
94099	3.00
94105	8.40
94137	7.40
94160	6.80
94174	7.50
94182	9.30
94197	0.00
94240	8.30
94310	7.00
94320	5.70
94324	9.20
94326	8.40
94338	6.60
94376	7.20
94382	7.10
94395	7.80
94456	6.50
94465	0.20
94506	7.80
94521	7.10
94524	5.50
94546	8.00
94601	6.50
94637	5.60
94688	6.90
94691	6.90
94725	7.70
94727	5.80
94821	7.60
94843	10.00
94853	3.60
94867	8.00
94897	10.00
94918	10.00
94977	8.00
95006	9.30
95022	7.80
95034	7.60
95059	8.90
95064	7.10
95084	8.10
95121	4.90
95126	6.60
95133	10.00
95182	7.70
95204	7.60
95210	6.80
95243	10.00
95334	7.70
95371	8.10
95397	8.00
95456	8.30
95469	9.00
95517	10.00
95530	5.50
95553	7.50
95618	7.00
95726	5.20
95763	10.00
95779	7.80
95781	7.00
95786	6.60
95852	6.80
95861	7.90
95892	7.00
95909	5.40
95910	6.90
95938	7.40
95946	8.30
95974	8.90
96021	7.90
96040	6.00
96057	4.80
96095	7.60
96115	6.80
96122	10.00
96126	5.50
96151	2.60
96213	7.00
96239	9.40
96249	10.00
96271	7.30
96272	6.90
96280	7.30
96287	7.30
96320	8.10
96346	5.00
96465	9.40
96513	8.70
96534	7.60
96539	7.50
96550	7.70
96582	5.90
96647	7.80
96651	5.90
96665	7.70
96672	5.50
96703	7.00
96711	9.70
96741	9.00
96759	10.00
96867	9.30
96872	6.60
96901	10.00
96923	7.20
96946	9.50
96964	6.60
96970	10.00
96973	9.30
96987	5.60
97020	7.40
97022	8.90
97105	10.00
97133	9.50
97164	6.60
97176	7.70
97195	8.00
97205	5.40
97218	3.80
97227	5.70
97244	5.10
97246	7.90
97270	6.40
97271	10.00
97310	5.50
97311	5.30
97346	10.00
97352	9.40
97356	6.30
97393	8.30
97398	6.40
97408	3.10
97426	8.30
97456	5.50
97464	8.60
97470	8.00
97480	8.40
97547	9.20
97552	6.80
97560	7.80
97578	6.90
97630	7.60
97631	3.80
97657	6.20
97715	10.00
97719	9.20
97742	10.00
97759	10.00
97774	4.30
97803	10.00
97812	8.40
97814	2.90
97824	5.70
97874	9.60
97880	7.60
97917	7.80
97923	10.00
97926	5.60
97951	6.70
97995	7.60
98022	6.00
98025	2.70
98032	3.00
98045	7.50
98081	8.30
98082	10.00
98087	7.40
98130	8.40
98152	10.00
98182	7.90
98195	6.50
98218	3.40
98275	10.00
98323	10.00
98349	5.60
98376	7.00
98383	9.00
98459	3.30
98497	4.10
98500	6.20
98520	1.80
98547	7.70
98548	1.10
98550	6.70
98551	7.30
98570	10.00
98601	6.90
98608	9.10
98610	8.10
98642	10.00
98645	6.70
98663	9.00
98675	9.80
98712	10.00
98804	7.80
98828	0.30
98849	8.90
98859	8.80
98881	7.70
98896	9.10
98935	6.90
98945	9.80
98964	8.70
99040	6.10
99064	2.90
99115	5.60
99137	7.90
99161	8.80
99196	10.00
99230	8.00
99295	7.40
99384	8.10
99450	8.10
99477	10.00
99492	9.10
99519	3.90
99547	8.10
99562	7.80
99593	9.40
99636	6.70
99695	6.00
99709	5.40
99751	7.40
99752	6.80
99758	6.50
99775	8.80
99865	7.80
99868	4.50
99921	7.60
99942	6.90
99995	10.00
100007	10.00
100116	10.00
100227	8.00
100256	6.80
100306	10.00
100359	4.60
100458	6.90
100501	10.00
100522	7.80
100547	7.10
100564	9.50
100574	8.80
100613	8.00
100642	8.00
100669	8.30
100691	0.90
100722	8.70
100763	8.20
100790	10.00
100797	10.00
100807	7.70
100841	8.90
100851	9.00
100861	10.00
100907	9.10
101018	8.70
101032	3.70
101071	8.10
101077	8.90
101102	8.40
101137	7.20
101140	9.10
101142	3.50
101154	5.00
101186	10.00
101206	4.70
101239	9.00
101341	3.90
101344	9.50
101360	1.10
101362	8.30
101371	9.00
101380	8.10
101405	10.00
101422	8.70
101426	8.50
101458	8.80
101478	10.00
101513	8.50
101514	8.40
101568	7.70
101616	7.20
101633	8.60
101673	1.30
101703	9.80
101704	6.40
101705	9.20
101738	6.90
101740	6.80
101771	7.30
101824	7.30
101825	8.70
101859	9.20
101880	9.70
101891	9.00
101897	10.00
101921	10.00
101968	7.30
101986	7.80
101999	8.10
102003	7.70
102019	10.00
102102	10.00
102164	8.80
102185	8.10
102200	0.90
102245	10.00
102323	10.00
102391	10.00
102393	10.00
102481	10.00
102560	6.60
102585	5.70
102599	9.80
102606	4.00
102662	9.40
102667	8.20
102671	7.50
102683	6.70
102688	6.00
102709	10.00
102746	8.00
102771	8.00
102839	2.40
102868	7.40
102894	6.10
102923	9.10
102929	10.00
102941	9.30
102943	8.30
103033	7.70
103054	9.10
103075	10.00
103090	7.10
103154	9.10
103172	8.30
103175	8.30
103187	7.90
103190	9.70
103207	10.00
103232	9.30
103257	7.40
103281	10.00
103331	2.40
103353	6.30
103355	7.80
103404	8.60
103418	4.20
103443	8.30
103591	8.80
103607	8.40
103661	5.70
103682	8.50
103730	1.10
103738	9.20
103743	2.50
103766	8.40
103783	9.80
103801	10.00
103808	7.90
103811	8.40
103834	10.00
103854	9.10
103967	9.10
103981	8.90
103993	8.30
104016	9.60
104043	8.90
104047	7.10
104066	9.60
104109	8.70
104160	8.10
104181	3.90
104186	7.30
104204	8.30
104224	3.40
104246	8.50
104288	8.60
104291	6.20
104327	7.30
104391	10.00
104411	7.50
104439	9.50
104440	7.30
104451	10.00
104453	3.30
104497	10.00
104498	8.70
104528	8.50
104537	10.00
104540	8.00
104555	10.00
104565	8.10
104576	8.20
104597	10.00
104608	9.80
104693	8.90
104713	8.80
104719	6.20
104722	9.40
104730	7.60
104748	9.40
104760	10.00
104763	9.60
104770	8.60
104773	4.70
104774	7.70
104850	10.00
104925	9.00
104975	8.60
104983	6.30
105055	6.90
105093	9.40
105104	6.80
105128	9.20
105144	8.10
105202	9.50
105203	9.60
105213	4.90
105217	7.50
105263	9.40
105289	10.00
105306	7.90
105320	10.00
105323	9.40
105363	1.60
105407	10.00
105453	10.00
105480	10.00
105498	8.60
105586	10.00
105591	10.00
105630	9.00
105656	10.00
105674	10.00
105778	3.40
105785	9.20
105795	10.00
105832	9.10
105863	10.00
105902	10.00
105922	9.10
105976	7.30
105982	8.10
106024	10.00
106034	7.30
106061	5.10
106063	8.70
106067	10.00
106106	8.80
106121	10.00
106151	8.90
106198	6.80
106256	7.60
106262	10.00
106271	7.80
106318	5.40
106390	7.60
106399	9.70
106411	9.60
106429	9.00
106430	10.00
106478	5.20
106510	9.50
106519	6.90
106534	10.00
106541	7.80
106607	10.00
106647	10.00
106665	5.30
106692	7.30
106709	10.00
106726	10.00
106734	7.20
106763	10.00
106799	5.00
106806	7.90
106818	8.30
106838	7.70
106851	10.00
106894	3.90
106904	9.10
106918	9.60
106978	7.20
106982	9.70
107047	8.00
107051	10.00
107073	4.80
107106	10.00
107120	10.00
107145	9.20
107178	5.80
107185	7.30
107265	10.00
107356	10.00
107360	3.60
107386	5.60
107453	3.60
107468	6.90
107476	10.00
107491	10.00
107513	6.40
107546	9.00
107553	6.70
107557	10.00
107558	5.50
107560	10.00
107599	9.30
107602	3.30
107604	10.00
107613	7.40
107623	8.50
107640	10.00
107684	8.50
107696	6.30
107716	4.90
107720	10.00
107733	10.00
107748	5.30
107757	8.30
107769	9.60
107779	9.30
107795	8.50
107831	9.60
107836	9.00
107961	7.30
107962	9.80
108013	10.00
108027	8.10
108029	10.00
108059	10.00
108095	8.70
108096	8.40
108198	10.00
108225	10.00
108227	10.00
108270	10.00
108295	10.00
108323	3.90
108338	3.40
108366	8.50
108408	10.00
108429	8.70
108448	9.20
108477	3.30
108514	8.90
108562	9.80
108565	10.00
108569	10.00
108577	9.90
108611	9.00
108649	7.20
108719	9.60
108818	8.80
108892	8.80
108893	6.80
108897	8.80
108916	6.90
108936	10.00
108958	8.40
108984	8.40
109097	7.70
109129	8.30
109143	3.10
109178	10.00
109219	10.00
109232	5.50
109243	8.00
109266	9.20
109274	9.10
109281	10.00
109322	7.70
109326	10.00
109352	10.00
109372	9.80
109431	10.00
109442	8.70
109443	5.90
109455	8.00
109462	10.00
109475	2.50
109477	6.60
109486	7.40
109495	8.60
109503	5.80
109540	9.70
109562	7.90
109583	10.00
109603	9.20
109604	8.70
109655	4.30
109663	10.00
109677	10.00
109681	8.10
109735	9.20
109747	4.00
109844	10.00
109851	10.00
109862	7.60
109870	4.30
109879	9.80
109907	9.10
109995	8.50
110030	5.20
110036	9.80
110049	6.60
110052	9.00
110058	10.00
110067	8.80
110075	10.00
110092	9.50
110094	9.80
110145	10.00
110190	10.00
110191	7.90
110201	9.30
110252	9.40
110303	9.80
110368	10.00
110376	10.00
110377	9.30
110382	2.40
110389	9.70
110414	8.90
110436	8.10
110506	8.50
110531	10.00
110570	10.00
110578	7.20
110635	10.00
110666	8.70
110735	10.00
110769	9.00
110844	6.30
110859	0.90
110891	10.00
111012	10.00
111033	8.50
111035	9.70
111039	10.00
111051	9.20
111057	3.50
111058	9.40
111067	9.10
111071	8.40
111116	9.40
111153	8.80
111159	9.70
111198	7.90
111286	9.70
111290	3.80
111314	10.00
111324	6.60
111348	10.00
111366	6.80
111369	9.20
111407	9.70
111408	9.10
111421	6.40
111462	9.70
111509	8.50
111520	9.20
111548	5.70
111599	10.00
111634	9.00
111642	9.90
111653	8.40
111678	6.40
111684	9.40
111695	10.00
111696	10.00
111714	9.00
111715	8.70
111756	7.40
111784	10.00
111861	10.00
111883	10.00
111904	6.00
112006	10.00
112019	10.00
112044	9.40
112115	10.00
112133	9.60
112138	10.00
112150	9.90
112163	10.00
112267	9.90
112315	10.00
112320	10.00
112326	9.10
112351	8.60
112359	10.00
112375	10.00
112399	10.00
112400	10.00
112442	8.50
112476	6.60
112480	10.00
112554	10.00
112673	10.00
112693	10.00
112773	6.90
112788	10.00
112798	8.20
112803	6.50
112882	0.90
112883	10.00
112926	8.00
112941	8.90
113028	4.70
113110	10.00
113150	10.00
113167	10.00
113189	10.00
113197	9.90
113203	8.70
113213	9.20
113328	10.00
113329	8.50
113337	6.30
113435	10.00
113439	10.00
113440	9.30
113486	10.00
113487	10.00
113506	8.20
113537	10.00
113540	10.00
113566	9.60
113579	7.60
113628	10.00
113659	10.00
113671	10.00
113699	7.10
113709	7.90
113752	9.20
113753	10.00
113755	9.90
113763	9.80
113764	3.70
113831	10.00
113865	10.00
113867	10.00
113875	10.00
114003	10.00
114022	10.00
114065	9.30
114089	9.60
114108	6.90
114111	9.40
114117	9.60
114168	10.00
114179	10.00
114228	9.00
114249	9.30
114257	10.00
114275	10.00
114278	9.70
114311	9.50
114318	10.00
114320	10.00
114333	9.30
114392	10.00
114471	10.00
114610	10.00
114629	10.00
114644	8.10
114657	10.00
114690	7.00
114735	8.40
114807	9.60
114809	10.00
114832	7.30
114841	9.40
114922	10.00
114942	9.30
115006	10.00
115020	8.80
115029	8.10
115058	7.00
115064	7.20
115080	9.20
115100	9.90
115118	9.00
115140	10.00
115254	10.00
115266	10.00
115312	10.00
115325	7.10
115379	10.00
115421	8.50
115431	9.90
115475	10.00
115489	6.90
115513	8.20
115530	10.00
115537	7.50
115550	10.00
115561	7.90
115574	8.90
115599	8.30
115610	4.40
115632	10.00
115634	9.00
115643	10.00
115664	10.00
115693	9.30
115723	10.00
115746	4.70
115770	4.90
115774	10.00
115778	2.40
115794	5.50
115809	10.00
115811	10.00
115816	8.30
115843	10.00
115900	9.00
115918	10.00
115937	8.90
115966	10.00
115974	10.00
115976	10.00
116012	7.20
116030	9.50
116077	10.00
116126	9.90
116142	8.80
116152	8.30
116173	10.00
116236	9.20
116244	10.00
116338	8.20
116346	9.30
116416	10.00
116437	9.60
116486	9.80
116490	10.00
116533	9.50
116580	10.00
116587	10.00
116602	10.00
116619	10.00
116629	10.00
116647	9.90
116684	10.00
116694	10.00
116698	8.60
116726	10.00
116807	8.90
116825	9.30
116848	6.80
116860	10.00
116904	9.40
116906	9.00
116945	7.30
116961	4.40
116971	7.80
116976	10.00
117004	5.20
117008	10.00
117009	10.00
117048	10.00
117087	10.00
117097	9.50
117132	10.00
117197	9.50
117198	10.00
117228	9.00
117249	10.00
117284	10.00
117294	8.10
117320	7.70
117328	8.30
117340	8.80
117341	10.00
117346	1.90
117397	10.00
117426	10.00
117440	9.20
117443	9.50
117494	9.60
117496	7.80
117520	9.50
117558	10.00
117597	8.00
117757	10.00
117770	10.00
117774	8.60
117789	9.80
117813	10.00
117889	9.90
117979	10.00
117986	7.00
117988	9.60
118009	10.00
118011	9.60
118042	10.00
118052	9.30
118060	7.70
118085	9.10
118098	10.00
118117	8.10
118160	8.70
118184	3.20
118192	10.00
118194	8.90
118215	9.10
118220	7.20
118317	2.50
118324	10.00
118364	4.90
118443	10.00
118444	10.00
118455	8.00
118481	10.00
118510	9.80
118511	10.00
118513	5.30
118515	3.80
118543	3.60
118567	5.40
118610	7.20
118617	10.00
118623	9.20
118651	10.00
118671	8.40
118674	10.00
118681	10.00
118701	5.70
118719	9.30
118758	10.00
118764	9.60
118806	8.70
118810	10.00
118838	9.30
118839	10.00
118856	10.00
118864	9.40
118872	7.90
118907	10.00
118917	8.80
118919	9.00
118921	10.00
118959	10.00
118974	10.00
118982	10.00
119027	9.00
119032	8.90
119078	8.40
119086	8.10
119097	10.00
119150	10.00
119242	10.00
119258	7.50
119261	8.80
119271	6.00
119272	10.00
119274	7.80
119286	7.50
119293	9.10
119331	10.00
119363	1.90
119407	9.00
119454	10.00
119621	8.10
119627	10.00
119635	9.40
119647	7.10
119660	10.00
119752	10.00
119820	7.00
119822	10.00
119876	3.40
119890	9.00
119891	7.50
119921	10.00
119959	9.90
119961	1.90
